"year","month","state","latitude","longitude","firespots"
"1999","1","AMAZONAS","-2.3711133333333333","-59.8999333333333333","3"
"1999","1","MARANHAO","-2.2573947222222222","-45.4878305555555556","36"
"1999","1","MATO GROSSO","-12.6606333333333333","-55.0579888888888889","18"
"1999","1","PARA","-2.4748204597701149","-48.5469666666666667","87"
"1999","1","RONDONIA","-12.8617000000000000","-60.5131000000000000","1"
"1999","1","RORAIMA","3.4032246666666667","-60.6228533333333333","15"
"1999","2","AMAPA","-0.15500000000000000000","-52.6831000000000000","1"
"1999","2","AMAZONAS","-2.7631669767441860","-63.4297813953488372","43"
"1999","2","MATO GROSSO","-12.6199875000000000","-55.3753625000000000","8"
"1999","2","PARA","-2.1506174385964912","-53.5099105263157895","285"
"1999","2","RONDONIA","-9.8750000000000000","-62.5617000000000000","1"
"1999","2","RORAIMA","2.2562095000000000","-61.0769400000000000","20"
"1999","3","AMAPA","1.13833500000000000000","-50.4615500000000000","2"
"1999","3","AMAZONAS","-4.1048057142857143","-66.1014142857142857","7"
"1999","3","MARANHAO","-3.5048650000000000","-45.6928000000000000","4"
"1999","3","MATO GROSSO","-12.3161500000000000","-55.9678000000000000","4"
"1999","3","PARA","-5.0887714285714286","-52.3333428571428571","7"
"1999","3","RONDONIA","-12.7341125000000000","-62.1526625000000000","8"
"1999","3","RORAIMA","2.1765896938775510","-60.6842071428571429","98"
"1999","4","AMAZONAS","-3.7330600000000000","-63.6458500000000000","2"
"1999","4","MATO GROSSO","-12.0328976744186047","-55.7323790697674419","43"
"1999","4","PARA","-6.3920866666666667","-52.2840166666666667","6"
"1999","4","RONDONIA","-9.2280733333333333","-63.2332666666666667","3"
"1999","4","RORAIMA","2.7236312500000000","-60.9137437500000000","16"
"1999","5","MATO GROSSO","-12.3922571428571429","-55.3351743764172336","441"
"1999","5","PARA","-5.5206975000000000","-51.3335750000000000","4"
"1999","5","RONDONIA","-11.6626333333333333","-62.5489000000000000","3"
"1999","5","TOCANTINS","-7.0280600000000000","-49.1731000000000000","1"
"1999","6","AMAPA","0.39916500000000000000","-52.4690500000000000","2"
"1999","6","AMAZONAS","-2.0875414285714286","-64.4829285714285714","7"
"1999","6","MARANHAO","-4.9130600000000000","-46.9517000000000000","1"
"1999","6","MATO GROSSO","-12.0359469622093023","-55.3537178779069767","1376"
"1999","6","PARA","-4.9392364864864865","-49.5191297297297297","37"
"1999","6","RONDONIA","-12.1966300000000000","-60.8217800000000000","10"
"1999","6","RORAIMA","1.24602000000000000000","-60.3689000000000000","3"
"1999","6","TOCANTINS","-7.7515766666666667","-49.1432666666666667","3"
"1999","7","ACRE","-8.1700000000000000","-72.5900000000000000","1"
"1999","7","AMAZONAS","-6.9432609090909091","-60.5008272727272727","11"
"1999","7","MARANHAO","-4.6019595454545455","-46.9733068181818182","44"
"1999","7","MATO GROSSO","-11.6260678285483219","-56.1577915082895269","2473"
"1999","7","PARA","-6.4642250407331976","-51.7884072301425662","982"
"1999","7","RONDONIA","-11.2395537037037037","-61.9089088888888889","135"
"1999","7","RORAIMA","3.2032675000000000","-60.9207250000000000","4"
"1999","7","TOCANTINS","-7.0946140000000000","-48.3251080000000000","25"
"1999","8","ACRE","-9.8640010447761194","-67.9117388059701493","67"
"1999","8","AMAZONAS","-7.3109840392156863","-60.8665517647058824","255"
"1999","8","MARANHAO","-4.4893391935483871","-46.7134247311827957","186"
"1999","8","MATO GROSSO","-11.3588131163925395","-56.2281286928464626","12707"
"1999","8","PARA","-7.0775418190645736","-51.4416634083184981","6179"
"1999","8","RONDONIA","-11.3289973127530364","-62.2476839574898785","1976"
"1999","8","RORAIMA","2.9750000000000000","-61.1131000000000000","1"
"1999","8","TOCANTINS","-7.3853362987012987","-48.6884649350649351","154"
"1999","9","ACRE","-9.8292693396226415","-68.2308051886792453","212"
"1999","9","AMAPA","0.61451750000000000000","-51.1107250000000000","4"
"1999","9","AMAZONAS","-8.0005267289719626","-64.0451892523364486","214"
"1999","9","MARANHAO","-4.3097150666666667","-46.4040733333333333","375"
"1999","9","MATO GROSSO","-11.9585820647002854","-56.0942346377599565","7357"
"1999","9","PARA","-6.5130252682816391","-50.2255589540412044","4417"
"1999","9","RONDONIA","-11.3807698790454397","-62.4353643347499183","3059"
"1999","9","RORAIMA","3.7699100000000000","-60.4866000000000000","3"
"1999","9","TOCANTINS","-7.1597557849462366","-48.5848660215053763","465"
"1999","10","ACRE","-9.5772979365079365","-68.8678587301587302","63"
"1999","10","AMAPA","1.02291360000000000000","-51.2420040000000000","25"
"1999","10","AMAZONAS","-3.8395713235294118","-61.1124636554621849","476"
"1999","10","MARANHAO","-4.4934008713692946","-46.5339087136929461","1446"
"1999","10","MATO GROSSO","-12.0217678837719298","-56.2207776589912281","3648"
"1999","10","PARA","-4.3384869140469558","-50.8621278352566653","5026"
"1999","10","RONDONIA","-10.6553920541401274","-62.6632610934182590","1884"
"1999","10","RORAIMA","2.3732790000000000","-60.2955600000000000","10"
"1999","10","TOCANTINS","-6.6890831481481481","-48.5732759259259259","216"
"1999","11","ACRE","-8.1998650000000000","-70.1432250000000000","4"
"1999","11","AMAPA","1.4564969230769231","-51.4957000000000000","26"
"1999","11","AMAZONAS","-3.2991392857142857","-62.1907035714285714","28"
"1999","11","MARANHAO","-3.6824762261014131","-46.1380494596841230","1203"
"1999","11","MATO GROSSO","-12.2997336629213483","-57.8371764044943820","445"
"1999","11","PARA","-3.0779706226696495","-49.7944293810589113","2682"
"1999","11","RONDONIA","-11.9135748780487805","-62.0088170731707317","41"
"1999","11","RORAIMA","1.9212426666666667","-59.9443400000000000","15"
"1999","11","TOCANTINS","-6.0242240000000000","-48.2243600000000000","5"
"1999","12","AMAPA","0.47458682926829268293","-51.4398926829268293","41"
"1999","12","AMAZONAS","-2.8065300000000000","-61.3717000000000000","2"
"1999","12","MARANHAO","-2.5771197978596908","-45.6616142687277051","841"
"1999","12","MATO GROSSO","-13.9933555555555556","-58.6788888888888889","18"
"1999","12","PARA","-2.7467801436031332","-49.7973979112271540","766"
"1999","12","RORAIMA","1.9247234285714286","-60.1252371428571429","35"
"2000","1","AMAPA","-0.93500000000000000000","-52.2642000000000000","2"
"2000","1","AMAZONAS","-4.9563128571428571","-63.9556571428571429","7"
"2000","1","MARANHAO","-3.5771594117647059","-46.4010882352941176","17"
"2000","1","MATO GROSSO","-13.4545000000000000","-56.9384923076923077","13"
"2000","1","PARA","-2.5552243333333333","-48.8587433333333333","30"
"2000","1","RORAIMA","3.6530433333333333","-60.1997611111111111","18"
"2000","2","AMAZONAS","-3.0155982258064516","-62.3967016129032258","62"
"2000","2","MARANHAO","-3.0099100000000000","-45.8572333333333333","3"
"2000","2","MATO GROSSO","-12.5542440000000000","-55.2265160000000000","25"
"2000","2","PARA","-3.4310562068965517","-52.6895344827586207","29"
"2000","2","RONDONIA","-12.2185500000000000","-61.6976666666666667","6"
"2000","2","RORAIMA","2.7865326315789474","-60.6867122807017544","57"
"2000","3","ACRE","-9.4455618181818182","-71.2400363636363636","11"
"2000","3","AMAZONAS","-3.1149220289855072","-62.9110318840579710","69"
"2000","3","MATO GROSSO","-12.2275300000000000","-54.3235800000000000","10"
"2000","3","PARA","-3.6916949723756906","-51.4043640883977901","181"
"2000","3","RONDONIA","-11.2458777777777778","-63.8232111111111111","9"
"2000","3","RORAIMA","2.5943224000000000","-60.6545840000000000","125"
"2000","4","ACRE","-8.4630600000000000","-70.3250000000000000","1"
"2000","4","AMAZONAS","-2.5300950000000000","-62.5466666666666667","18"
"2000","4","MARANHAO","-2.9965300000000000","-45.7183500000000000","2"
"2000","4","MATO GROSSO","-12.5362990322580645","-55.3838774193548387","31"
"2000","4","PARA","-4.6037317500000000","-51.9061750000000000","40"
"2000","5","ACRE","-8.1716700000000000","-70.9566700000000000","1"
"2000","5","AMAZONAS","-6.1656539215686275","-63.0004245098039216","51"
"2000","5","MATO GROSSO","-12.0536268928571429","-55.5222439523809524","840"
"2000","5","PARA","-4.7843058333333333","-53.1556950000000000","12"
"2000","5","RONDONIA","-12.0458886666666667","-60.8886666666666667","15"
"2000","5","RORAIMA","3.1721442857142857","-60.9871414285714286","7"
"2000","5","TOCANTINS","-6.7991650000000000","-48.4383325000000000","4"
"2000","6","ACRE","-10.1150000000000000","-67.6731000000000000","1"
"2000","6","AMAZONAS","-2.8040766666666667","-66.7407666666666667","6"
"2000","6","MARANHAO","-4.7299222580645161","-47.1184483870967742","31"
"2000","6","MATO GROSSO","-11.8501910364053788","-55.4925872745162348","3049"
"2000","6","PARA","-7.7126250847457627","-50.5918254237288136","59"
"2000","6","RONDONIA","-11.3340885185185185","-61.5076703703703704","54"
"2000","6","TOCANTINS","-8.4378554545454545","-48.6961636363636364","11"
"2000","7","ACRE","-9.6666700000000000","-68.2150000000000000","1"
"2000","7","AMAZONAS","-7.5547674358974359","-62.8275205128205128","39"
"2000","7","MARANHAO","-4.5513910416666667","-47.0141312500000000","48"
"2000","7","MATO GROSSO","-11.6074084018801410","-55.8009098707403055","851"
"2000","7","PARA","-7.2321159859154930","-52.4153826291079812","426"
"2000","7","RONDONIA","-10.7013180833333333","-62.6419650000000000","120"
"2000","7","TOCANTINS","-7.2365692000000000","-48.4039720000000000","25"
"2000","8","ACRE","-10.0322094852941176","-67.8537102941176471","136"
"2000","8","AMAPA","0.65213000000000000000","-51.1889000000000000","3"
"2000","8","AMAZONAS","-6.5250178888888889","-62.2914738888888889","180"
"2000","8","MARANHAO","-4.5849866428571429","-46.7330207142857143","140"
"2000","8","MATO GROSSO","-10.9220613307375172","-55.6202041685753550","4366"
"2000","8","PARA","-7.3407662964989059","-51.1627289204959883","5484"
"2000","8","RONDONIA","-11.3110881636363636","-62.3472924545454545","2200"
"2000","8","RORAIMA","2.8423177777777778","-61.0784444444444444","9"
"2000","8","TOCANTINS","-7.6401928571428571","-48.6795516483516484","273"
"2000","9","ACRE","-9.7227448275862069","-68.1783685823754789","261"
"2000","9","AMAPA","0.38497157894736842105","-51.2631578947368421","19"
"2000","9","AMAZONAS","-8.0330439896373057","-66.6231088082901554","193"
"2000","9","MARANHAO","-4.1464644313725490","-46.4815772549019608","255"
"2000","9","MATO GROSSO","-11.4084923481158677","-55.4723155088438862","3901"
"2000","9","PARA","-6.3227538614246789","-50.3074448423511094","2569"
"2000","9","RONDONIA","-11.0586034754098361","-62.5114347008196721","2440"
"2000","9","RORAIMA","2.9613691666666667","-60.6378750000000000","12"
"2000","9","TOCANTINS","-7.5521270631067961","-48.7360992718446602","412"
"2000","10","ACRE","-10.0027933333333333","-68.8902500000000000","18"
"2000","10","AMAPA","0.79316261904761904762","-51.3128023809523810","42"
"2000","10","AMAZONAS","-5.5910620689655172","-62.4579641379310345","145"
"2000","10","MARANHAO","-4.4616496082089552","-46.5734110074626866","1072"
"2000","10","MATO GROSSO","-12.3197206541816316","-56.1905139558748076","3898"
"2000","10","PARA","-4.0175996773444754","-50.1586613045496750","4308"
"2000","10","RONDONIA","-10.8879213572542902","-62.7069443057722309","641"
"2000","10","RORAIMA","3.2483464000000000","-60.6930200000000000","25"
"2000","10","TOCANTINS","-6.4780723376623377","-48.5380740259740260","77"
"2000","11","AMAPA","1.2218631210191083","-51.2511694267515924","157"
"2000","11","AMAZONAS","-4.4529651851851852","-59.8980703703703704","27"
"2000","11","MARANHAO","-3.5006475075437538","-45.9820293904646952","1657"
"2000","11","MATO GROSSO","-13.4821882832618026","-57.0028587982832618","233"
"2000","11","PARA","-3.2506526292335116","-49.9765997326203209","3366"
"2000","11","RONDONIA","-12.0672615384615385","-63.0048153846153846","13"
"2000","11","RORAIMA","1.9130406250000000","-60.0163906250000000","32"
"2000","11","TOCANTINS","-6.2319933333333333","-48.5911583333333333","12"
"2000","12","AMAPA","0.38952833333333333333","-51.0966000000000000","30"
"2000","12","AMAZONAS","-2.5820348333333333","-58.2678033333333333","60"
"2000","12","MARANHAO","-2.8125110823529412","-45.7920530196078431","1275"
"2000","12","MATO GROSSO","-14.4319080000000000","-57.4628280000000000","25"
"2000","12","PARA","-2.5805704596346494","-49.7053467295226871","1697"
"2000","12","RONDONIA","-11.0535142857142857","-62.6202285714285714","7"
"2000","12","RORAIMA","1.4075224675324675","-60.0740363636363636","77"
"2000","12","TOCANTINS","-6.5258350000000000","-48.3315500000000000","4"
"2001","1","AMAZONAS","-2.8072233333333333","-59.7366666666666667","3"
"2001","1","MARANHAO","-3.6616660000000000","-45.7024900000000000","10"
"2001","1","MATO GROSSO","-13.8830411764705882","-56.7469529411764706","17"
"2001","1","PARA","-3.5742647058823529","-49.6009294117647059","34"
"2001","1","RORAIMA","2.9651319801980198","-60.7747376237623762","101"
"2001","2","AMAZONAS","-2.9931250000000000","-63.1349875000000000","8"
"2001","2","MATO GROSSO","-12.4382740740740741","-55.7092555555555556","27"
"2001","2","PARA","-5.6036468750000000","-49.9828062500000000","16"
"2001","2","RONDONIA","-10.8675150000000000","-64.7566500000000000","2"
"2001","2","RORAIMA","2.1073272600619195","-60.7843442724458204","646"
"2001","3","AMAZONAS","-3.3358316666666667","-62.3875000000000000","6"
"2001","3","MATO GROSSO","-13.9615904761904762","-57.1846809523809524","21"
"2001","3","RORAIMA","2.6032398735320687","-61.0124852755194219","1107"
"2001","4","AMAZONAS","-4.8250000000000000","-65.1783000000000000","1"
"2001","4","MARANHAO","-3.3433300000000000","-45.5133000000000000","1"
"2001","4","MATO GROSSO","-12.4291497872340426","-55.0833451063829787","235"
"2001","4","RORAIMA","2.7552106842105263","-60.9893931578947368","380"
"2001","5","MARANHAO","-3.2483300000000000","-46.1483000000000000","1"
"2001","5","MATO GROSSO","-12.2321483314669653","-55.2439012318029115","893"
"2001","5","PARA","-6.5319042857142857","-50.6331000000000000","7"
"2001","5","RONDONIA","-11.1203280000000000","-61.5423400000000000","5"
"2001","5","RORAIMA","3.6288888888888889","-61.3120333333333333","9"
"2001","5","TOCANTINS","-7.6166700000000000","-48.4733000000000000","1"
"2001","6","ACRE","-7.5783300000000000","-72.9500000000000000","1"
"2001","6","AMAZONAS","-8.3496660000000000","-63.9903400000000000","5"
"2001","6","MARANHAO","-4.4849966666666667","-47.2355666666666667","3"
"2001","6","MATO GROSSO","-11.9022951124002901","-55.7582709934735315","4137"
"2001","6","PARA","-7.1732926190476190","-50.2612285714285714","42"
"2001","6","RONDONIA","-10.9434390322580645","-62.4595741935483871","31"
"2001","6","RORAIMA","2.4266700000000000","-60.0400000000000000","1"
"2001","6","TOCANTINS","-7.7128585714285714","-48.6583428571428571","7"
"2001","7","ACRE","-10.1527666666666667","-67.6761000000000000","3"
"2001","7","AMAPA","2.4316700000000000","-51.2700000000000000","1"
"2001","7","AMAZONAS","-7.1220366666666667","-61.6146222222222222","9"
"2001","7","MARANHAO","-4.5737881818181818","-47.0214727272727273","77"
"2001","7","MATO GROSSO","-11.6247372549019608","-55.8916740740740741","918"
"2001","7","PARA","-6.6664033850493653","-52.0436121297602257","709"
"2001","7","RONDONIA","-11.2060841891891892","-62.3282635135135135","74"
"2001","7","RORAIMA","3.3000000000000000","-60.8633000000000000","1"
"2001","7","TOCANTINS","-7.5825000000000000","-48.5188291666666667","24"
"2001","8","ACRE","-9.8414833082706767","-68.2094100250626566","399"
"2001","8","AMAPA","1.06250000000000000000","-50.9881833333333333","12"
"2001","8","AMAZONAS","-7.0773747294589178","-62.5948561122244489","499"
"2001","8","MARANHAO","-4.4319571389645777","-46.7274217983651226","367"
"2001","8","MATO GROSSO","-11.0994430538322994","-56.6478424854912948","4997"
"2001","8","PARA","-6.8821285899137359","-51.2389551758460518","9042"
"2001","8","RONDONIA","-10.6888985506566604","-63.0344044230769231","2132"
"2001","8","RORAIMA","3.3500000000000000","-59.9183250000000000","4"
"2001","8","TOCANTINS","-6.8290015418502203","-48.5416000000000000","227"
"2001","9","ACRE","-9.9234371875000000","-67.8120083333333333","288"
"2001","9","AMAPA","1.2778243157894737","-50.8690578947368421","95"
"2001","9","AMAZONAS","-7.1360316071428571","-64.0510815476190476","168"
"2001","9","MARANHAO","-4.2340807983193277","-46.3346464285714286","952"
"2001","9","MATO GROSSO","-11.6041385438247012","-55.9738088585657371","5020"
"2001","9","PARA","-5.8632111408083442","-50.0698461212516297","6136"
"2001","9","RONDONIA","-11.3503841627786418","-62.8089020217729393","1929"
"2001","9","RORAIMA","4.1250000000000000","-60.6633000000000000","1"
"2001","9","TOCANTINS","-7.0770392119275825","-48.5546140575079872","939"
"2001","10","ACRE","-9.9976756934306569","-68.0472649635036496","137"
"2001","10","AMAPA","1.3626332124352332","-51.0061911917098446","193"
"2001","10","AMAZONAS","-4.0438152409638554","-59.9474042168674699","332"
"2001","10","MARANHAO","-4.1336273355869699","-46.1404515980331899","3254"
"2001","10","MATO GROSSO","-12.6847053558139535","-56.5110275116279070","4300"
"2001","10","PARA","-3.7277035260682085","-50.3191322422579381","5102"
"2001","10","RONDONIA","-10.9082171356783920","-62.9781807788944724","796"
"2001","10","RORAIMA","1.6766669230769231","-60.2012846153846154","13"
"2001","10","TOCANTINS","-6.4179902424242424","-48.4860103030303030","165"
"2001","11","ACRE","-7.7800000000000000","-72.3600000000000000","1"
"2001","11","AMAPA","1.1271961083743842","-51.0375859605911330","406"
"2001","11","AMAZONAS","-2.4496519672131148","-60.9199295081967213","244"
"2001","11","MARANHAO","-3.5938649744463373","-45.9950427172061329","2348"
"2001","11","MATO GROSSO","-14.3064035576923077","-57.7808567307692308","208"
"2001","11","PARA","-3.0746552350081037","-50.6309825162074554","4936"
"2001","11","RONDONIA","-10.9776052173913043","-63.2472464130434783","92"
"2001","11","RORAIMA","2.2230484210526316","-60.3999605263157895","76"
"2001","11","TOCANTINS","-6.4451905714285714","-48.5068028571428571","35"
"2001","12","AMAPA","1.1710737099494098","-50.7015684654300169","593"
"2001","12","AMAZONAS","-3.0852277272727273","-58.0493909090909091","22"
"2001","12","MARANHAO","-2.8454813146997930","-45.9101415113871636","966"
"2001","12","MATO GROSSO","-12.8953786363636364","-56.4341590909090909","22"
"2001","12","PARA","-2.2929164302416212","-50.1297186282151208","2566"
"2001","12","RONDONIA","-9.6983300000000000","-62.8183000000000000","1"
"2001","12","RORAIMA","1.7010965789473684","-60.0841236842105263","76"
"2001","12","TOCANTINS","-5.8505000000000000","-48.3488400000000000","10"
"2002","1","AMAPA","0.86214142857142857143","-50.7573857142857143","7"
"2002","1","AMAZONAS","-4.0726470588235294","-62.4870588235294118","17"
"2002","1","MARANHAO","-3.4286359090909091","-46.5478772727272727","22"
"2002","1","MATO GROSSO","-14.0615733333333333","-57.4913522222222222","90"
"2002","1","PARA","-2.8619563194444444","-51.5236555555555556","144"
"2002","1","RONDONIA","-11.5177716666666667","-61.6413833333333333","6"
"2002","1","RORAIMA","2.6654304304635762","-60.4137139072847682","302"
"2002","1","TOCANTINS","-6.4441650000000000","-48.5533500000000000","2"
"2002","2","ACRE","-8.6000000000000000","-69.7767000000000000","1"
"2002","2","AMAPA","-0.18500000000000000000","-51.5242000000000000","2"
"2002","2","AMAZONAS","-0.37916500000000000000","-62.9383500000000000","2"
"2002","2","MARANHAO","-4.1943259523809524","-46.8546880952380952","42"
"2002","2","MATO GROSSO","-12.4257846666666667","-54.1188933333333333","15"
"2002","2","PARA","-4.0995968333333333","-49.1544133333333333","120"
"2002","2","RONDONIA","-9.6316625000000000","-63.8135500000000000","8"
"2002","2","RORAIMA","2.0304622268907563","-60.4989691176470588","476"
"2002","2","TOCANTINS","-6.8916700000000000","-48.9967000000000000","1"
"2002","3","AMAZONAS","-2.0180000000000000","-60.1246600000000000","5"
"2002","3","MARANHAO","-3.6841650000000000","-45.6841500000000000","2"
"2002","3","MATO GROSSO","-12.9043389655172414","-55.4630689655172414","58"
"2002","3","PARA","-5.4257150000000000","-50.4925000000000000","14"
"2002","3","RONDONIA","-10.1667000000000000","-64.9550000000000000","1"
"2002","3","RORAIMA","2.5176659340659341","-60.8866742368742369","819"
"2002","3","TOCANTINS","-6.7833350000000000","-48.4625000000000000","2"
"2002","4","AMAZONAS","-3.0583300000000000","-63.6583300000000000","2"
"2002","4","MARANHAO","-3.4404757142857143","-45.2873814285714286","7"
"2002","4","MATO GROSSO","-12.5018082404692082","-55.3821213489736070","341"
"2002","4","PARA","-8.1668190909090909","-49.7236363636363636","11"
"2002","4","RONDONIA","-10.3338900000000000","-62.2788866666666667","3"
"2002","4","RORAIMA","3.0439026829268293","-61.0282117073170732","41"
"2002","5","AMAPA","2.7766666666666667","-51.7388866666666667","3"
"2002","5","AMAZONAS","-5.8510400000000000","-64.3054162500000000","8"
"2002","5","MARANHAO","-4.0414587500000000","-46.3977100000000000","8"
"2002","5","MATO GROSSO","-12.2297975575715283","-55.2848835589672017","1433"
"2002","5","PARA","-6.3339816666666667","-50.6111105555555556","18"
"2002","5","RONDONIA","-12.5076680000000000","-60.0581120000000000","15"
"2002","5","TOCANTINS","-7.2206680000000000","-48.4586660000000000","5"
"2002","6","AMAZONAS","-8.0110000000000000","-63.5953340000000000","5"
"2002","6","MARANHAO","-4.5416661538461538","-47.3872511538461538","26"
"2002","6","MATO GROSSO","-11.8631769415487714","-55.4516328611317945","5372"
"2002","6","PARA","-7.4492730201342282","-50.8458749664429530","149"
"2002","6","RONDONIA","-10.7165037062937063","-62.4036618881118881","143"
"2002","6","TOCANTINS","-7.2219042857142857","-48.4007100000000000","7"
"2002","7","ACRE","-9.3861973684210526","-69.2365834210526316","76"
"2002","7","AMAPA","0.79211000000000000000","-51.4918900000000000","3"
"2002","7","AMAZONAS","-6.0055159753086420","-62.4467861234567901","405"
"2002","7","MARANHAO","-3.6450016666666667","-46.0661008080808081","198"
"2002","7","MATO GROSSO","-11.1387920920551855","-56.0333815199809705","8408"
"2002","7","PARA","-5.7977762108980827","-51.8636219273461150","1982"
"2002","7","RONDONIA","-10.6437731155778894","-62.7632848844221106","995"
"2002","7","RORAIMA","3.5295454545454545","-60.8510909090909091","11"
"2002","7","TOCANTINS","-7.0213707407407407","-48.4792585185185185","27"
"2002","8","ACRE","-9.3330596433378197","-69.3664925908479139","1486"
"2002","8","AMAPA","1.2941468000000000","-51.1629068000000000","25"
"2002","8","AMAZONAS","-6.4937098149905123","-63.1743959772296015","2108"
"2002","8","MARANHAO","-3.6613112518853695","-46.0386565309200603","663"
"2002","8","MATO GROSSO","-10.6468190694526690","-55.5911262397428306","23642"
"2002","8","PARA","-7.2728717721352107","-51.7372266094499815","37926"
"2002","8","RONDONIA","-10.6593933993220339","-62.7754881925423729","7375"
"2002","8","RORAIMA","2.4761900000000000","-60.5290319047619048","21"
"2002","8","TOCANTINS","-7.1348603225806452","-48.5713073502304147","434"
"2002","9","ACRE","-9.6875424956200117","-68.9223411193303485","5137"
"2002","9","AMAPA","1.2662907109004739","-50.9320238388625592","211"
"2002","9","AMAZONAS","-6.4261187306333243","-63.8468335036694754","3679"
"2002","9","MARANHAO","-3.7022546841294299","-46.2449283281972265","1298"
"2002","9","MATO GROSSO","-11.7161439589480436","-56.0265308612358349","23385"
"2002","9","PARA","-5.8943624566971978","-50.4566728144554276","22054"
"2002","9","RONDONIA","-11.0077434428229341","-62.7020721325622374","22133"
"2002","9","RORAIMA","3.4192901526717557","-60.6284248854961832","131"
"2002","9","TOCANTINS","-7.3616183355704698","-48.6402177785234899","1490"
"2002","10","ACRE","-9.8140157130203720","-68.6309093888396811","1129"
"2002","10","AMAPA","1.5737434787472036","-51.2202826398210291","894"
"2002","10","AMAZONAS","-4.6053820722681759","-61.0353057771005660","2297"
"2002","10","MARANHAO","-4.1706866693827663","-46.2340304746384192","4909"
"2002","10","MATO GROSSO","-12.2938279418684071","-56.8396230887151856","13177"
"2002","10","PARA","-4.1617957360987403","-50.6119253422827332","15718"
"2002","10","RONDONIA","-11.0279839055441478","-62.7709387419575633","7305"
"2002","10","RORAIMA","3.4582577346278317","-60.5443474433656958","309"
"2002","10","TOCANTINS","-6.4857800338409475","-48.4386108291032149","591"
"2002","11","ACRE","-10.0419651633986928","-68.4962396732026144","153"
"2002","11","AMAPA","0.89397779329608938547","-51.1399458938547486","2148"
"2002","11","AMAZONAS","-3.4985902007168459","-59.6788346236559140","1395"
"2002","11","MARANHAO","-3.5251720289698411","-45.8535808928764458","9251"
"2002","11","MATO GROSSO","-12.7079371027709576","-56.4594804138898632","2851"
"2002","11","PARA","-2.8213842537421187","-50.7783665033450450","20777"
"2002","11","RONDONIA","-11.0635941715399610","-62.7900185185185185","1026"
"2002","11","RORAIMA","2.9997685763888889","-60.4210879861111111","288"
"2002","11","TOCANTINS","-6.4892978571428571","-48.4579285714285714","28"
"2002","12","ACRE","-9.4976666666666667","-69.8820000000000000","3"
"2002","12","AMAPA","0.55535169336384439359","-51.1625774141876430","437"
"2002","12","AMAZONAS","-2.8637714642857143","-60.1641106428571429","280"
"2002","12","MARANHAO","-3.0033443645409317","-45.8201040434192673","4422"
"2002","12","MATO GROSSO","-12.3675531828193833","-55.5549600220264317","908"
"2002","12","PARA","-2.5827110156250000","-49.9978996156754032","7936"
"2002","12","RONDONIA","-11.6897650000000000","-62.6518687704918033","122"
"2002","12","RORAIMA","1.9004779418344519","-60.2944779865771812","447"
"2002","12","TOCANTINS","-6.7285242857142857","-48.5995235714285714","14"
"2003","1","ACRE","-8.1586428571428571","-71.7747857142857143","14"
"2003","1","AMAPA","-0.29751428571428571429","-51.7112285714285714","35"
"2003","1","AMAZONAS","-1.9383852242744063","-63.4763192612137203","379"
"2003","1","MARANHAO","-3.2678737623762376","-46.0724702970297030","404"
"2003","1","MATO GROSSO","-12.4141105527638191","-55.1411021775544389","597"
"2003","1","PARA","-2.6193020833333333","-50.2636937500000000","1440"
"2003","1","RONDONIA","-11.1079565217391304","-63.4976666666666667","69"
"2003","1","RORAIMA","1.8097950065703022","-60.5160433639947438","761"
"2003","1","TOCANTINS","-7.1002000000000000","-48.6262000000000000","5"
"2003","2","AMAZONAS","-0.80219379844961240310","-64.2093720930232558","129"
"2003","2","MARANHAO","-4.8810000000000000","-45.5980000000000000","1"
"2003","2","MATO GROSSO","-12.4262827988338192","-55.5771020408163265","343"
"2003","2","PARA","-4.4715652173913043","-51.7409130434782609","23"
"2003","2","RONDONIA","-11.5467142857142857","-63.0010000000000000","14"
"2003","2","RORAIMA","1.8526453433678269","-60.7550950141110066","1063"
"2003","3","AMAPA","1.3802000000000000","-51.5178000000000000","5"
"2003","3","AMAZONAS","-1.5317978723404255","-64.1352553191489362","94"
"2003","3","MARANHAO","-3.7925000000000000","-45.9965000000000000","2"
"2003","3","MATO GROSSO","-12.5039532967032967","-55.3892142857142857","364"
"2003","3","PARA","-2.5205714285714286","-51.5836428571428571","28"
"2003","3","RONDONIA","-11.0548333333333333","-62.1063333333333333","12"
"2003","3","RORAIMA","2.4464044414535666","-61.1819771197846568","1486"
"2003","3","TOCANTINS","-6.4213333333333333","-48.9385000000000000","6"
"2003","4","ACRE","-9.6902000000000000","-70.2010000000000000","5"
"2003","4","AMAPA","1.24266666666666666667","-50.7636666666666667","3"
"2003","4","AMAZONAS","-2.7949523809523810","-62.4743095238095238","42"
"2003","4","MARANHAO","-3.7715000000000000","-45.9526666666666667","6"
"2003","4","MATO GROSSO","-12.3960402684563758","-54.9805838926174497","596"
"2003","4","PARA","-4.0826428571428571","-49.5304285714285714","14"
"2003","4","RONDONIA","-11.2663333333333333","-62.5414444444444444","18"
"2003","4","RORAIMA","2.7132768361581921","-61.0494689265536723","354"
"2003","5","ACRE","-9.9492777777777778","-68.9000000000000000","18"
"2003","5","AMAPA","-0.46500000000000000000","-51.8530000000000000","1"
"2003","5","AMAZONAS","-5.5855000000000000","-62.2054166666666667","24"
"2003","5","MARANHAO","-3.0955714285714286","-45.9431714285714286","35"
"2003","5","MATO GROSSO","-12.2489649643705463","-55.0346157957244656","1684"
"2003","5","PARA","-3.3528660714285714","-49.8155803571428571","112"
"2003","5","RONDONIA","-11.2558235294117647","-62.0628235294117647","102"
"2003","5","RORAIMA","3.7321666666666667","-61.0381666666666667","6"
"2003","5","TOCANTINS","-8.1020000000000000","-49.0400000000000000","1"
"2003","6","ACRE","-9.3660555555555556","-69.2408888888888889","18"
"2003","6","AMAPA","0.88200000000000000000","-51.1040000000000000","3"
"2003","6","AMAZONAS","-3.7641388888888889","-60.0650000000000000","36"
"2003","6","MARANHAO","-3.1807500000000000","-45.9726578947368421","76"
"2003","6","MATO GROSSO","-12.0709892951251647","-55.2732473649538867","6072"
"2003","6","PARA","-4.0282754342431762","-49.5398635235732010","403"
"2003","6","RONDONIA","-11.8885982532751092","-61.7652139737991266","229"
"2003","6","RORAIMA","3.1120000000000000","-61.1362500000000000","4"
"2003","6","TOCANTINS","-7.7891428571428571","-48.4258571428571429","7"
"2003","7","ACRE","-9.5947587822014052","-68.7401615925058548","427"
"2003","7","AMAPA","0.24500000000000000000","-50.9640000000000000","1"
"2003","7","AMAZONAS","-6.9315083969465649","-62.8811938931297710","655"
"2003","7","MARANHAO","-3.8874469026548673","-45.9948097345132743","226"
"2003","7","MATO GROSSO","-11.3325079487745639","-56.0685275999116803","9058"
"2003","7","PARA","-6.1485133717881489","-52.4507653382275826","3814"
"2003","7","RONDONIA","-10.8777244471010161","-62.7193514644351464","1673"
"2003","7","TOCANTINS","-7.2129531250000000","-48.4377500000000000","64"
"2003","8","ACRE","-9.5301485931078090","-68.8968792285804616","3163"
"2003","8","AMAPA","1.0860000000000000","-51.2172857142857143","21"
"2003","8","AMAZONAS","-7.5937649983427246","-64.6171567782565462","3017"
"2003","8","MARANHAO","-3.4285674157303371","-45.7180561797752809","356"
"2003","8","MATO GROSSO","-10.8349493348982786","-57.2694720266040689","10224"
"2003","8","PARA","-6.9089687887323944","-51.9841601126760563","8875"
"2003","8","RONDONIA","-10.5882149408774450","-62.9801666482484252","9049"
"2003","8","RORAIMA","1.6113333333333333","-60.5063333333333333","6"
"2003","8","TOCANTINS","-6.9697777777777778","-48.5420740740740741","54"
"2003","9","ACRE","-9.5679536446665518","-69.1688760985697053","5803"
"2003","9","AMAPA","1.4439407407407407","-51.0514888888888889","135"
"2003","9","AMAZONAS","-6.9408500385505012","-64.9714094063222822","2594"
"2003","9","MARANHAO","-3.7474508928571429","-45.9790788690476190","672"
"2003","9","MATO GROSSO","-11.0674084276558025","-55.6773387426701214","14666"
"2003","9","PARA","-6.6451889495765060","-50.8404517533444154","12633"
"2003","9","RONDONIA","-11.0753644885836273","-62.8390167997029887","10774"
"2003","9","RORAIMA","2.4935000000000000","-60.6108750000000000","8"
"2003","9","TOCANTINS","-7.1579880952380952","-48.6076269841269841","504"
"2003","10","ACRE","-9.6583006724303554","-69.0960537944284342","1041"
"2003","10","AMAPA","1.5644714828897338","-51.1923612167300380","526"
"2003","10","AMAZONAS","-4.8708951917882226","-61.6414343598055105","1851"
"2003","10","MARANHAO","-4.3004219615509938","-46.0666520039100684","3069"
"2003","10","MATO GROSSO","-12.5532198905109489","-57.1507249087591241","4384"
"2003","10","PARA","-3.8859577401468605","-51.1927907987411959","6673"
"2003","10","RONDONIA","-10.9267586615729153","-63.0738685285206165","7591"
"2003","10","RORAIMA","2.1628750000000000","-60.7282083333333333","24"
"2003","10","TOCANTINS","-6.6316098901098901","-48.5366373626373626","182"
"2003","11","ACRE","-8.1575333333333333","-71.8648666666666667","30"
"2003","11","AMAPA","1.0592667860340197","-51.2444341987466428","1117"
"2003","11","AMAZONAS","-3.5527884615384615","-60.0525166666666667","780"
"2003","11","MARANHAO","-3.7418904139915873","-45.9508078370599956","4517"
"2003","11","MATO GROSSO","-12.2747988929889299","-56.3464329643296433","1626"
"2003","11","PARA","-2.6559923592992918","-50.3984549012299665","10732"
"2003","11","RONDONIA","-11.2105500667556742","-62.8723951935914553","749"
"2003","11","RORAIMA","2.6119423076923077","-60.7214038461538462","52"
"2003","11","TOCANTINS","-6.1561428571428571","-48.4087142857142857","28"
"2003","12","ACRE","-9.5165000000000000","-69.2682500000000000","4"
"2003","12","AMAPA","0.75537967115097159940","-51.0809252615844544","669"
"2003","12","AMAZONAS","-3.1686423728813559","-60.3755593220338983","590"
"2003","12","MARANHAO","-3.1697758233532934","-45.8758581586826347","2672"
"2003","12","MATO GROSSO","-12.3228644222020018","-55.5691956323930846","1099"
"2003","12","PARA","-2.4898533703123116","-50.6751682141565175","8293"
"2003","12","RONDONIA","-11.3825731225296443","-62.9242569169960474","253"
"2003","12","RORAIMA","2.6800493273542601","-60.2784484304932735","223"
"2003","12","TOCANTINS","-7.0298000000000000","-48.5433000000000000","10"
"2004","1","AMAPA","0.13186206896551724138","-51.6420862068965517","58"
"2004","1","AMAZONAS","-0.76196389891696750903","-64.5031516245487365","277"
"2004","1","MARANHAO","-3.1337024793388430","-45.9855578512396694","242"
"2004","1","MATO GROSSO","-12.4280643274853801","-55.5283333333333333","171"
"2004","1","PARA","-2.3700777142857143","-50.8675931428571429","875"
"2004","1","RONDONIA","-11.7702580645161290","-63.3065483870967742","31"
"2004","1","RORAIMA","2.3212394636015326","-60.2449597701149425","522"
"2004","1","TOCANTINS","-6.3745000000000000","-48.1895000000000000","2"
"2004","2","ACRE","-8.1507500000000000","-72.6112500000000000","4"
"2004","2","AMAPA","0.68600000000000000000","-50.9870000000000000","1"
"2004","2","AMAZONAS","-0.37227131782945736434","-64.0203565891472868","129"
"2004","2","MARANHAO","-4.4713333333333333","-45.9960000000000000","6"
"2004","2","MATO GROSSO","-12.6547840909090909","-55.5268636363636364","264"
"2004","2","PARA","-3.5081944444444444","-51.6709444444444444","36"
"2004","2","RONDONIA","-10.4179375000000000","-63.9149375000000000","16"
"2004","2","RORAIMA","2.5801661891117479","-60.4423409742120344","349"
"2004","3","AMAZONAS","-2.3434500000000000","-64.9055000000000000","20"
"2004","3","MARANHAO","-3.0525000000000000","-46.3330000000000000","4"
"2004","3","MATO GROSSO","-12.6313339920948617","-55.4806916996047431","506"
"2004","3","PARA","-3.4617241379310345","-49.8759310344827586","29"
"2004","3","RONDONIA","-11.5345000000000000","-62.5322692307692308","26"
"2004","3","RORAIMA","1.8030022271714922","-60.4854097995545657","449"
"2004","3","TOCANTINS","-7.8170000000000000","-48.8000000000000000","1"
"2004","4","ACRE","-10.8874444444444444","-68.5370000000000000","9"
"2004","4","AMAPA","-0.93000000000000000000","-52.3270000000000000","1"
"2004","4","AMAZONAS","-2.4366538461538462","-64.0378076923076923","26"
"2004","4","MARANHAO","-4.1118571428571429","-46.2197142857142857","7"
"2004","4","MATO GROSSO","-12.5757386363636364","-55.2345860389610390","616"
"2004","4","PARA","-3.2560983606557377","-52.2236885245901639","61"
"2004","4","RONDONIA","-11.3888888888888889","-62.8036296296296296","27"
"2004","4","RORAIMA","2.5187175572519084","-60.7183969465648855","262"
"2004","4","TOCANTINS","-7.1420000000000000","-48.6490000000000000","3"
"2004","5","ACRE","-9.3461428571428571","-70.7879523809523810","21"
"2004","5","AMAPA","-0.91900000000000000000","-52.2860000000000000","1"
"2004","5","AMAZONAS","-3.4115454545454545","-60.9310000000000000","11"
"2004","5","MARANHAO","-3.1031296296296296","-45.6855185185185185","54"
"2004","5","MATO GROSSO","-12.2952957545486978","-55.0079450588655012","2803"
"2004","5","PARA","-3.4724455958549223","-49.8183056994818653","193"
"2004","5","RONDONIA","-11.9883750000000000","-61.7033437500000000","32"
"2004","5","RORAIMA","2.7832222222222222","-60.4793333333333333","9"
"2004","5","TOCANTINS","-6.9152857142857143","-48.6615714285714286","7"
"2004","6","ACRE","-9.3908333333333333","-69.6865000000000000","12"
"2004","6","AMAPA","1.4738571428571429","-51.0595714285714286","7"
"2004","6","AMAZONAS","-5.6699534883720930","-61.4181627906976744","43"
"2004","6","MARANHAO","-3.1512238805970149","-46.0200746268656716","67"
"2004","6","MATO GROSSO","-12.0917192939143316","-55.1845669670411060","8101"
"2004","6","PARA","-4.4567142857142857","-49.9233218210361068","637"
"2004","6","RONDONIA","-11.5559128919860627","-61.9058153310104530","287"
"2004","6","RORAIMA","3.9513333333333333","-61.0972222222222222","9"
"2004","6","TOCANTINS","-7.3851250000000000","-48.5143125000000000","16"
"2004","7","ACRE","-9.3500736842105263","-68.9904000000000000","95"
"2004","7","AMAPA","1.07000000000000000000","-50.5735000000000000","4"
"2004","7","AMAZONAS","-6.6291978021978022","-61.9592802197802198","364"
"2004","7","MARANHAO","-3.8337835051546392","-46.0137938144329897","194"
"2004","7","MATO GROSSO","-11.5834817403287725","-55.8815364701250123","10159"
"2004","7","PARA","-6.5030007552870091","-53.0342521148036254","6620"
"2004","7","RONDONIA","-10.7518159117305459","-62.7359953542392567","1722"
"2004","7","RORAIMA","2.8900000000000000","-60.8810000000000000","2"
"2004","7","TOCANTINS","-6.8967368421052632","-48.2613684210526316","19"
"2004","8","ACRE","-9.6492851445663011","-68.8748773678963111","1003"
"2004","8","AMAPA","1.3353333333333333","-51.0399444444444444","18"
"2004","8","AMAZONAS","-6.8770540540540541","-61.9456562162162162","1850"
"2004","8","MARANHAO","-3.6070495626822157","-45.6503673469387755","343"
"2004","8","MATO GROSSO","-10.6883787385712072","-57.0487115295211530","12906"
"2004","8","PARA","-7.1849456917305862","-52.6274179497228599","17861"
"2004","8","RONDONIA","-10.7656460205739036","-62.7172606388738495","9235"
"2004","8","RORAIMA","2.9545909090909091","-61.0627272727272727","22"
"2004","8","TOCANTINS","-7.0068048780487805","-48.5019634146341463","82"
"2004","9","ACRE","-9.8355229021619641","-68.8039587761084646","5458"
"2004","9","AMAPA","1.3048119658119658","-51.1164444444444444","117"
"2004","9","AMAZONAS","-7.4544010673234811","-64.9248620689655172","2436"
"2004","9","MARANHAO","-3.7074876760563380","-46.0241373239436620","568"
"2004","9","MATO GROSSO","-11.0938951217552037","-56.2042347102788717","24886"
"2004","9","PARA","-6.7706467120499684","-51.0784572250684259","14249"
"2004","9","RONDONIA","-10.8689319210728624","-62.7984554540018792","23414"
"2004","9","RORAIMA","3.4658666666666667","-60.9516666666666667","15"
"2004","9","TOCANTINS","-7.2319630606860158","-48.5569947229551451","379"
"2004","10","ACRE","-10.1215276461295419","-68.8108041074249605","633"
"2004","10","AMAPA","1.6645505617977528","-51.2287734082397004","534"
"2004","10","AMAZONAS","-4.6844686700767263","-61.6471355498721228","1564"
"2004","10","MARANHAO","-4.0574339768339768","-46.1748015444015444","1295"
"2004","10","MATO GROSSO","-12.3598021623139568","-56.7394714967705701","7122"
"2004","10","PARA","-3.7254614147909968","-50.7916521972132905","7464"
"2004","10","RONDONIA","-11.0770375540699961","-62.7818798662996461","5086"
"2004","10","RORAIMA","3.6331690140845070","-60.5656338028169014","71"
"2004","10","TOCANTINS","-6.7926918238993711","-48.4630314465408805","159"
"2004","11","ACRE","-9.1507600000000000","-70.5712000000000000","25"
"2004","11","AMAPA","1.1505170697012802","-51.2782240398293030","1406"
"2004","11","AMAZONAS","-3.4415708502024291","-59.3794989878542510","988"
"2004","11","MARANHAO","-3.8214273110855389","-45.9559415036440353","5214"
"2004","11","MATO GROSSO","-12.4363520678685048","-55.9815355249204666","1886"
"2004","11","PARA","-2.7990834064419100","-51.0805958766762752","15958"
"2004","11","RONDONIA","-10.9870073529411765","-62.9551838235294118","680"
"2004","11","RORAIMA","3.2672380952380952","-60.4125857142857143","210"
"2004","11","TOCANTINS","-6.4574035087719298","-48.4239649122807018","57"
"2004","12","ACRE","-10.3451818181818182","-68.1993636363636364","11"
"2004","12","AMAPA","1.2565584518167457","-51.1589478672985782","1266"
"2004","12","AMAZONAS","-2.7697200000000000","-59.8088826666666667","375"
"2004","12","MARANHAO","-3.4205952449985503","-45.8825732096259785","3449"
"2004","12","MATO GROSSO","-12.3800828343313373","-56.0504201596806387","1002"
"2004","12","PARA","-2.3367087283745479","-50.8036270159319715","10231"
"2004","12","RONDONIA","-11.0436119402985075","-62.6399552238805970","268"
"2004","12","RORAIMA","3.3360598006644518","-60.5309534883720930","301"
"2004","12","TOCANTINS","-6.4560476190476190","-48.3842380952380952","21"
"2005","1","ACRE","-8.0654500000000000","-72.0865000000000000","20"
"2005","1","AMAPA","1.0062371134020619","-50.9435515463917526","194"
"2005","1","AMAZONAS","-2.7791911111111111","-60.0861955555555556","225"
"2005","1","MARANHAO","-3.1671977011494253","-45.9159080459770115","435"
"2005","1","MATO GROSSO","-12.4223131313131313","-55.4884444444444444","297"
"2005","1","PARA","-2.6667969241523943","-51.7133921705697309","2861"
"2005","1","RONDONIA","-10.8286803278688525","-63.9459016393442623","122"
"2005","1","RORAIMA","1.8440774193548387","-60.1950903225806452","155"
"2005","1","TOCANTINS","-7.2868000000000000","-48.6426000000000000","5"
"2005","2","AMAPA","0.42200000000000000000","-51.3880000000000000","1"
"2005","2","AMAZONAS","-3.0134375000000000","-61.9063750000000000","16"
"2005","2","MARANHAO","-3.7824117647058824","-46.5711470588235294","34"
"2005","2","MATO GROSSO","-12.6487722929936306","-55.3571194267515924","628"
"2005","2","PARA","-3.4557603305785124","-50.2786363636363636","121"
"2005","2","RONDONIA","-12.1696341463414634","-61.8821707317073171","41"
"2005","2","RORAIMA","1.7966859903381643","-60.2427149758454106","207"
"2005","3","ACRE","-8.7806000000000000","-70.1262000000000000","5"
"2005","3","AMAZONAS","-1.4386000000000000","-68.4151333333333333","15"
"2005","3","MARANHAO","-3.5350000000000000","-46.7153333333333333","3"
"2005","3","MATO GROSSO","-12.8031016260162602","-54.9846829268292683","246"
"2005","3","PARA","-3.1506250000000000","-50.2943125000000000","32"
"2005","3","RONDONIA","-12.1131875000000000","-61.4455625000000000","16"
"2005","3","RORAIMA","2.5743786848072562","-60.8162970521541950","441"
"2005","4","ACRE","-10.8070000000000000","-69.0920000000000000","2"
"2005","4","AMAZONAS","-2.4341250000000000","-66.3502500000000000","8"
"2005","4","MARANHAO","-3.8502500000000000","-46.3344166666666667","12"
"2005","4","MATO GROSSO","-12.4689823788546256","-55.1595066079295154","681"
"2005","4","PARA","-5.6953720930232558","-51.0903255813953488","43"
"2005","4","RONDONIA","-11.8130000000000000","-62.1175384615384615","26"
"2005","4","RORAIMA","2.8221964285714286","-60.6970892857142857","56"
"2005","4","TOCANTINS","-7.5115000000000000","-48.2750000000000000","4"
"2005","5","ACRE","-9.6078235294117647","-69.9352941176470588","17"
"2005","5","AMAPA","0.64700000000000000000","-51.0410000000000000","1"
"2005","5","AMAZONAS","-4.4240000000000000","-61.9859722222222222","36"
"2005","5","MARANHAO","-4.4541333333333333","-46.4528000000000000","15"
"2005","5","MATO GROSSO","-12.4281424766977364","-55.7433821571238349","1502"
"2005","5","PARA","-5.2559207920792079","-50.3892871287128713","101"
"2005","5","RONDONIA","-11.4540983606557377","-62.4914918032786885","61"
"2005","5","RORAIMA","3.1026666666666667","-60.4653333333333333","6"
"2005","5","TOCANTINS","-7.7400000000000000","-48.7640000000000000","7"
"2005","6","ACRE","-9.5044000000000000","-69.5156400000000000","75"
"2005","6","AMAPA","1.6883333333333333","-51.0726666666666667","3"
"2005","6","AMAZONAS","-6.9880384615384615","-64.1761384615384615","130"
"2005","6","MARANHAO","-4.1314680851063830","-46.3714574468085106","94"
"2005","6","MATO GROSSO","-12.1188426900584795","-56.0464526315789474","1710"
"2005","6","PARA","-4.5177164634146341","-50.1995746951219512","656"
"2005","6","RONDONIA","-10.9588314176245211","-62.9102183908045977","261"
"2005","6","RORAIMA","2.9630000000000000","-60.5551000000000000","10"
"2005","6","TOCANTINS","-6.6948000000000000","-48.3108666666666667","15"
"2005","7","ACRE","-9.1116417253521127","-69.6571003521126761","1136"
"2005","7","AMAPA","0.19900000000000000000","-51.2790000000000000","1"
"2005","7","AMAZONAS","-7.6299097148891235","-64.4690607180570222","1894"
"2005","7","MARANHAO","-3.8358181818181818","-45.9944976076555024","209"
"2005","7","MATO GROSSO","-10.9964180451127820","-56.8115909774436090","4655"
"2005","7","PARA","-6.1978837700760778","-52.5313412933220626","9464"
"2005","7","RONDONIA","-10.2553343605546995","-63.5511273754494093","1947"
"2005","7","RORAIMA","4.1510000000000000","-60.6698750000000000","8"
"2005","7","TOCANTINS","-6.7832800000000000","-48.4869400000000000","50"
"2005","8","ACRE","-9.3542159342808710","-69.1343971834659017","7669"
"2005","8","AMAPA","0.43733333333333333333","-50.9749333333333333","15"
"2005","8","AMAZONAS","-7.3968687510449758","-64.5857507105835145","5981"
"2005","8","MARANHAO","-3.9694720670391061","-45.9468938547486034","358"
"2005","8","MATO GROSSO","-10.5160639112131649","-57.3292569460390356","13065"
"2005","8","PARA","-6.7674766659614978","-52.1253095409350539","23635"
"2005","8","RONDONIA","-10.4014843725582122","-63.4569200656352555","12798"
"2005","8","RORAIMA","2.2764375000000000","-60.4451875000000000","16"
"2005","8","TOCANTINS","-6.4855330396475771","-48.4502422907488987","227"
"2005","9","ACRE","-9.7377399868680236","-68.9224451739986868","6092"
"2005","9","AMAPA","1.3212589928057554","-51.1431294964028777","139"
"2005","9","AMAZONAS","-7.2476530115595214","-64.3440655039545731","4931"
"2005","9","MARANHAO","-4.2370649474689589","-46.3787268385864374","1047"
"2005","9","MATO GROSSO","-10.9418096852957135","-56.6874584915897992","22116"
"2005","9","PARA","-6.3135030641106223","-51.0584784726587052","12728"
"2005","9","RONDONIA","-10.7829745957324658","-62.9668788154243613","20902"
"2005","9","RORAIMA","3.6052129629629630","-60.6402222222222222","108"
"2005","9","TOCANTINS","-6.9990885311871227","-48.6100060362173038","497"
"2005","10","ACRE","-10.1095376458112407","-68.4810084835630965","943"
"2005","10","AMAPA","1.7826247544204322","-51.3001787819253438","509"
"2005","10","AMAZONAS","-4.7625050033355570","-61.5418725817211474","1499"
"2005","10","MARANHAO","-4.1596292418772563","-46.0878657039711191","2770"
"2005","10","MATO GROSSO","-11.7969632988522035","-55.9233196825846677","7057"
"2005","10","PARA","-4.2277732765565658","-50.8500402808148233","8689"
"2005","10","RONDONIA","-10.7846208139041967","-62.8446740144128868","4718"
"2005","10","RORAIMA","3.0634958677685950","-60.6114710743801653","121"
"2005","10","TOCANTINS","-7.0837421383647799","-48.5382704402515723","318"
"2005","11","ACRE","-9.7468148148148148","-69.2180740740740741","27"
"2005","11","AMAPA","1.0249525616698292","-51.2707447817836812","1054"
"2005","11","AMAZONAS","-3.7473205282112845","-59.5032917166866747","833"
"2005","11","MARANHAO","-3.7167635791881075","-45.8583816466552316","3498"
"2005","11","MATO GROSSO","-11.9477816901408451","-56.3525193661971831","1136"
"2005","11","PARA","-2.7205016011955594","-50.5737284372331341","9368"
"2005","11","RONDONIA","-10.5349538002980626","-62.7926050670640835","671"
"2005","11","RORAIMA","2.8911771428571429","-60.2244800000000000","175"
"2005","11","TOCANTINS","-6.4256071428571429","-48.4305714285714286","28"
"2005","12","ACRE","-9.0487142857142857","-70.0927142857142857","7"
"2005","12","AMAPA","0.63632038834951456311","-51.3914271844660194","103"
"2005","12","AMAZONAS","-4.2504736842105263","-61.4428684210526316","76"
"2005","12","MARANHAO","-3.2875671641791045","-45.8972695095948827","2345"
"2005","12","MATO GROSSO","-12.7750000000000000","-55.9775404040404040","396"
"2005","12","PARA","-2.1981037311458058","-49.6387247949192908","3779"
"2005","12","RONDONIA","-10.5067564102564103","-63.4303461538461538","78"
"2005","12","RORAIMA","3.6119936708860759","-60.2728797468354430","158"
"2005","12","TOCANTINS","-7.1515000000000000","-48.7800833333333333","24"
"2006","1","ACRE","-7.6621428571428571","-72.8960000000000000","7"
"2006","1","AMAPA","0.65100000000000000000","-51.3182000000000000","10"
"2006","1","AMAZONAS","-3.3773544303797468","-61.8774430379746835","79"
"2006","1","MARANHAO","-3.3410614525139665","-46.1512346368715084","179"
"2006","1","MATO GROSSO","-12.1406250000000000","-54.7565277777777778","720"
"2006","1","PARA","-3.0421649122807018","-50.5205684210526316","855"
"2006","1","RONDONIA","-10.1173571428571429","-63.4809285714285714","14"
"2006","1","RORAIMA","2.9382959183673469","-60.2810510204081633","98"
"2006","1","TOCANTINS","-7.1150000000000000","-48.7053636363636364","11"
"2006","2","ACRE","-8.1910000000000000","-70.5500000000000000","1"
"2006","2","AMAPA","-0.71600000000000000000","-52.3130000000000000","1"
"2006","2","AMAZONAS","-3.7449677419354839","-61.3399354838709677","31"
"2006","2","MARANHAO","-3.8186666666666667","-46.5585555555555556","9"
"2006","2","MATO GROSSO","-12.5591773584905660","-55.2971433962264151","265"
"2006","2","PARA","-2.8619272727272727","-50.0886727272727273","110"
"2006","2","RONDONIA","-11.5043684210526316","-61.6075263157894737","19"
"2006","2","RORAIMA","1.9402040816326531","-60.3425102040816327","441"
"2006","2","TOCANTINS","-6.1585000000000000","-48.1075000000000000","2"
"2006","3","AMAZONAS","-1.8144333333333333","-65.3776333333333333","30"
"2006","3","MARANHAO","-3.6333333333333333","-46.6716666666666667","3"
"2006","3","MATO GROSSO","-12.5969102564102564","-54.9759070512820513","312"
"2006","3","PARA","-2.1341666666666667","-51.1046666666666667","18"
"2006","3","RONDONIA","-10.5798666666666667","-62.6286000000000000","15"
"2006","3","RORAIMA","2.1811259541984733","-60.5291908396946565","524"
"2006","3","TOCANTINS","-6.8660000000000000","-48.0190000000000000","1"
"2006","4","ACRE","-10.8875000000000000","-68.7185000000000000","2"
"2006","4","AMAPA","-0.50325000000000000000","-51.7230000000000000","4"
"2006","4","AMAZONAS","-1.7054642857142857","-64.2337857142857143","28"
"2006","4","MARANHAO","-4.0925000000000000","-45.3360000000000000","2"
"2006","4","MATO GROSSO","-12.6668592057761733","-55.8844693140794224","277"
"2006","4","PARA","-4.9000909090909091","-52.9541818181818182","11"
"2006","4","RONDONIA","-11.5233333333333333","-62.2977777777777778","9"
"2006","4","RORAIMA","2.6134308510638298","-60.8027420212765957","376"
"2006","5","ACRE","-8.7206551724137931","-71.1897586206896552","58"
"2006","5","AMAZONAS","-6.4721000000000000","-67.9337500000000000","20"
"2006","5","MARANHAO","-3.3584090909090909","-45.8439090909090909","22"
"2006","5","MATO GROSSO","-12.6261858974358974","-55.7984102564102564","624"
"2006","5","PARA","-2.7140000000000000","-47.7578750000000000","8"
"2006","5","RONDONIA","-10.9420761904761905","-63.0490095238095238","105"
"2006","5","RORAIMA","3.4144000000000000","-60.9682000000000000","5"
"2006","5","TOCANTINS","-7.4320000000000000","-48.2940000000000000","1"
"2006","6","ACRE","-8.3532647058823529","-71.4882058823529412","34"
"2006","6","AMAZONAS","-4.9839679487179487","-61.4829679487179487","156"
"2006","6","MARANHAO","-3.6087647058823529","-45.9204352941176471","85"
"2006","6","MATO GROSSO","-12.0322843571880937","-55.6836054464851172","1579"
"2006","6","PARA","-3.8363002364066194","-49.3697375886524823","423"
"2006","6","RONDONIA","-10.7701077586206897","-63.0651767241379310","232"
"2006","6","TOCANTINS","-7.4626153846153846","-48.4406923076923077","13"
"2006","7","ACRE","-8.9157419354838710","-70.5318279569892473","186"
"2006","7","AMAZONAS","-6.3077979094076655","-62.1830435540069686","574"
"2006","7","MARANHAO","-4.0344534161490683","-46.2454534161490683","161"
"2006","7","MATO GROSSO","-11.4129086110194655","-56.2522929726162983","3031"
"2006","7","PARA","-5.2437616368286445","-51.7555647058823529","1955"
"2006","7","RONDONIA","-10.2347767265846736","-63.2886556291390728","1057"
"2006","7","RORAIMA","-1.11800000000000000000","-61.5890000000000000","1"
"2006","7","TOCANTINS","-7.9692000000000000","-48.5844666666666667","30"
"2006","8","ACRE","-8.7685308560053086","-70.5758865295288653","1507"
"2006","8","AMAPA","1.1990370370370370","-51.0630740740740741","27"
"2006","8","AMAZONAS","-6.9279785230950279","-62.8996763754045307","3399"
"2006","8","MARANHAO","-3.8429967105263158","-46.2370098684210526","304"
"2006","8","MATO GROSSO","-10.5557645329413337","-57.1119726045703595","7483"
"2006","8","PARA","-6.5267282926181625","-52.5738085501858736","15064"
"2006","8","RONDONIA","-10.2055607373562313","-63.4744335906727588","6347"
"2006","8","RORAIMA","3.1415238095238095","-60.9611428571428571","21"
"2006","8","TOCANTINS","-6.8437678571428571","-48.4445178571428571","56"
"2006","9","ACRE","-9.2257733476050308","-69.4801637677281242","3737"
"2006","9","AMAPA","1.3329622641509434","-50.9681257861635220","159"
"2006","9","AMAZONAS","-6.6933549600376117","-63.9369024447578749","4254"
"2006","9","MARANHAO","-3.7174093406593407","-46.2338131868131868","364"
"2006","9","MATO GROSSO","-10.9165328606876994","-56.5385878057426445","14105"
"2006","9","PARA","-6.1326221550094518","-51.5252664650283554","13225"
"2006","9","RONDONIA","-10.7161428571428571","-63.1230679475164011","14938"
"2006","9","RORAIMA","2.6821607142857143","-60.6419642857142857","56"
"2006","9","TOCANTINS","-7.1769947368421053","-48.5765105263157895","190"
"2006","10","ACRE","-10.0859100000000000","-68.8356366666666667","600"
"2006","10","AMAPA","1.4455274336283186","-51.2333911504424779","565"
"2006","10","AMAZONAS","-3.8518000917010546","-60.0166121045392022","2181"
"2006","10","MARANHAO","-3.9217931034482759","-46.2119587888982338","1189"
"2006","10","MATO GROSSO","-11.1702653429602888","-56.9035121841155235","2216"
"2006","10","PARA","-3.8336964476781511","-52.2219356944147229","9346"
"2006","10","RONDONIA","-10.3460189973614776","-63.1114263852242744","1895"
"2006","10","RORAIMA","2.6630683229813665","-60.3258260869565217","161"
"2006","10","TOCANTINS","-6.6559358974358974","-48.5142884615384615","156"
"2006","11","ACRE","-9.8083939393939394","-68.7170606060606061","66"
"2006","11","AMAPA","1.1367174254317111","-51.1598555729984301","637"
"2006","11","AMAZONAS","-3.7884370748299320","-59.9379030612244898","588"
"2006","11","MARANHAO","-3.8224644647596579","-45.9856107342966676","3391"
"2006","11","MATO GROSSO","-12.3624202154951257","-55.8461759876859928","1949"
"2006","11","PARA","-2.8730423378769104","-50.8463395291201983","9684"
"2006","11","RONDONIA","-11.2424177215189873","-62.8930623174294060","1027"
"2006","11","RORAIMA","3.1425937500000000","-60.4625729166666667","96"
"2006","11","TOCANTINS","-6.6334166666666667","-48.4202777777777778","36"
"2006","12","AMAPA","0.64748473282442748092","-51.4255419847328244","262"
"2006","12","AMAZONAS","-2.9517955182072829","-59.3662352941176471","357"
"2006","12","MARANHAO","-3.1146893382352941","-45.8862458639705882","2176"
"2006","12","MATO GROSSO","-12.1721032608695652","-55.3198478260869565","184"
"2006","12","PARA","-2.3998576152499514","-50.0851596965570901","5141"
"2006","12","RONDONIA","-11.4486585365853659","-62.7689024390243902","41"
"2006","12","RORAIMA","2.4138292682926829","-60.2627902439024390","410"
"2006","12","TOCANTINS","-6.6458750000000000","-48.4053750000000000","8"
"2007","1","ACRE","-7.6330000000000000","-73.0070000000000000","1"
"2007","1","AMAPA","0.14000000000000000000","-51.2245000000000000","12"
"2007","1","AMAZONAS","-2.6886886792452830","-64.6006226415094340","106"
"2007","1","MARANHAO","-2.9404899135446686","-45.9789308357348703","347"
"2007","1","MATO GROSSO","-12.1049222972972973","-54.6944358108108108","296"
"2007","1","PARA","-2.4480771113831089","-50.5057013463892289","817"
"2007","1","RONDONIA","-10.6182954545454545","-63.1833409090909091","44"
"2007","1","RORAIMA","2.5443993055555556","-60.4720312500000000","288"
"2007","1","TOCANTINS","-6.9662857142857143","-48.6572857142857143","7"
"2007","2","ACRE","-7.7363571428571429","-72.4430000000000000","14"
"2007","2","AMAPA","-0.91900000000000000000","-52.3060000000000000","1"
"2007","2","AMAZONAS","-1.0750059880239521","-64.9488562874251497","167"
"2007","2","MARANHAO","-3.8053333333333333","-46.1800000000000000","3"
"2007","2","MATO GROSSO","-12.7718306010928962","-55.8974153005464481","183"
"2007","2","PARA","-2.7986153846153846","-52.0603076923076923","39"
"2007","2","RONDONIA","-10.5202000000000000","-63.6208000000000000","5"
"2007","2","RORAIMA","1.9164751299183370","-60.6279510022271715","1347"
"2007","2","TOCANTINS","-7.2970000000000000","-48.5435000000000000","2"
"2007","3","ACRE","-7.7410000000000000","-72.8312000000000000","5"
"2007","3","AMAPA","1.8105000000000000","-50.2685000000000000","2"
"2007","3","AMAZONAS","-1.7255714285714286","-65.7751428571428571","14"
"2007","3","MARANHAO","-4.6500000000000000","-47.0490000000000000","2"
"2007","3","MATO GROSSO","-12.5863738532110092","-55.2623394495412844","436"
"2007","3","PARA","-5.9194117647058824","-51.7307647058823529","17"
"2007","3","RONDONIA","-10.9908461538461538","-62.3917692307692308","26"
"2007","3","RORAIMA","2.6599687162891046","-61.1176893203883495","927"
"2007","3","TOCANTINS","-5.3445000000000000","-48.5595000000000000","2"
"2007","4","ACRE","-10.3095000000000000","-68.9498750000000000","8"
"2007","4","AMAZONAS","-3.7263888888888889","-62.8310000000000000","18"
"2007","4","MARANHAO","-2.9220000000000000","-45.8115000000000000","2"
"2007","4","MATO GROSSO","-12.3598480769230769","-55.5363173076923077","520"
"2007","4","PARA","-5.7047647058823529","-52.0958235294117647","17"
"2007","4","RONDONIA","-10.7772222222222222","-63.3190000000000000","9"
"2007","4","RORAIMA","2.6885380434782609","-61.0804184782608696","184"
"2007","4","TOCANTINS","-6.6355000000000000","-48.6005000000000000","2"
"2007","5","ACRE","-9.2209333333333333","-70.7798666666666667","15"
"2007","5","AMAZONAS","-4.1295000000000000","-61.6695000000000000","16"
"2007","5","MARANHAO","-3.5163636363636364","-45.6184090909090909","22"
"2007","5","MATO GROSSO","-12.3730539979231568","-55.0393333333333333","963"
"2007","5","PARA","-3.9975111111111111","-50.2797111111111111","90"
"2007","5","RONDONIA","-11.7249062500000000","-61.8386093750000000","64"
"2007","5","RORAIMA","2.8300000000000000","-60.9030000000000000","2"
"2007","5","TOCANTINS","-7.6320000000000000","-48.9260000000000000","4"
"2007","6","ACRE","-8.9198684210526316","-70.4519473684210526","76"
"2007","6","AMAZONAS","-5.7167611111111111","-62.8552277777777778","180"
"2007","6","MARANHAO","-3.8393689320388350","-46.0894174757281553","103"
"2007","6","MATO GROSSO","-12.0703378003696858","-55.5716090573012939","2164"
"2007","6","PARA","-4.6027466467958271","-49.9271967213114754","671"
"2007","6","RONDONIA","-11.0941359223300971","-62.7207702265372168","309"
"2007","6","RORAIMA","2.1340000000000000","-60.9930000000000000","3"
"2007","6","TOCANTINS","-7.8711538461538462","-48.6854615384615385","13"
"2007","7","ACRE","-9.1053204419889503","-70.0611602209944751","181"
"2007","7","AMAPA","1.7649473684210526","-50.9047368421052632","19"
"2007","7","AMAZONAS","-6.0793789126853377","-63.5691054365733114","607"
"2007","7","MARANHAO","-3.7525923913043478","-45.8493152173913043","184"
"2007","7","MATO GROSSO","-11.6806844660194175","-55.6898506348020911","2678"
"2007","7","PARA","-4.8874636604774536","-51.2780068965517241","1885"
"2007","7","RONDONIA","-10.8951587030716724","-63.0208071672354949","586"
"2007","7","RORAIMA","2.8332666666666667","-60.7662000000000000","15"
"2007","7","TOCANTINS","-7.1294390243902439","-48.4304878048780488","41"
"2007","8","ACRE","-9.1213820803295572","-69.9184356333676622","1942"
"2007","8","AMAPA","1.4863000000000000","-51.1427000000000000","10"
"2007","8","AMAZONAS","-7.2882385964912281","-62.8307864661654135","3990"
"2007","8","MARANHAO","-4.2048667481662592","-46.0594889975550122","818"
"2007","8","MATO GROSSO","-10.7979635504856965","-56.5431379556189288","11221"
"2007","8","PARA","-6.9635985691573927","-52.1852794351444870","21386"
"2007","8","RONDONIA","-10.6367242907801418","-63.1215969267139480","6768"
"2007","8","RORAIMA","1.2975000000000000","-60.5477500000000000","4"
"2007","8","TOCANTINS","-6.8303455284552846","-48.4672235772357724","246"
"2007","9","ACRE","-9.5452717590892398","-69.2543330885053250","5446"
"2007","9","AMAPA","1.6550136986301370","-51.0049726027397260","146"
"2007","9","AMAZONAS","-7.2805586481113320","-64.4376157341664300","3521"
"2007","9","MARANHAO","-4.6316777603758810","-46.4685920125293657","2554"
"2007","9","MATO GROSSO","-11.0183497719843416","-56.1629191654223334","24779"
"2007","9","PARA","-6.7999697574246203","-50.9792655180231240","22055"
"2007","9","RONDONIA","-10.8277443036172031","-63.1161137140415836","14044"
"2007","9","RORAIMA","2.9783684210526316","-60.8555263157894737","19"
"2007","9","TOCANTINS","-6.8781750433275563","-48.5294402079722704","577"
"2007","10","ACRE","-9.9692320777642770","-68.8148481166464156","823"
"2007","10","AMAPA","1.6905567010309278","-51.3075030927835052","485"
"2007","10","AMAZONAS","-4.6921214672279014","-61.0975790739627180","1663"
"2007","10","MARANHAO","-4.2833296286256438","-46.0848454865817295","3689"
"2007","10","MATO GROSSO","-11.3442024532276050","-56.3662725808450006","8071"
"2007","10","PARA","-4.4496853582554517","-51.2108239875389408","8346"
"2007","10","RONDONIA","-10.7724223346449316","-63.0413606895259509","5337"
"2007","10","RORAIMA","2.5704637681159420","-60.4405507246376812","69"
"2007","10","TOCANTINS","-7.1936612903225806","-48.6240685483870968","248"
"2007","11","ACRE","-9.7431052631578947","-68.7252894736842105","38"
"2007","11","AMAPA","1.0734488711819389","-51.2597184594953519","753"
"2007","11","AMAZONAS","-3.1580384153661465","-60.0392701080432173","833"
"2007","11","MARANHAO","-3.7581649026971663","-45.9550655513827245","2929"
"2007","11","MATO GROSSO","-12.3121096866096866","-55.2231823361823362","702"
"2007","11","PARA","-2.7864924856634368","-50.6811720387581570","10114"
"2007","11","RONDONIA","-10.8467617021276596","-63.0080808510638298","235"
"2007","11","RORAIMA","2.5990224089635854","-60.1760504201680672","357"
"2007","11","TOCANTINS","-6.5363750000000000","-48.4821718750000000","64"
"2007","12","AMAPA","0.38482142857142857143","-51.3063035714285714","56"
"2007","12","AMAZONAS","-2.4567303370786517","-61.3247078651685393","178"
"2007","12","MARANHAO","-2.6673890214797136","-45.6651700477326969","1676"
"2007","12","MATO GROSSO","-12.3308108808290155","-55.4364715025906736","386"
"2007","12","PARA","-2.1000703994760969","-49.4584089718402096","3054"
"2007","12","RONDONIA","-11.5352200000000000","-62.8345000000000000","50"
"2007","12","RORAIMA","2.8561379310344828","-60.2775172413793103","29"
"2007","12","TOCANTINS","-6.2122500000000000","-48.4508750000000000","8"
"2008","1","AMAPA","0.09825000000000000000","-51.5510000000000000","4"
"2008","1","AMAZONAS","-0.96273333333333333333","-64.2668666666666667","45"
"2008","1","MARANHAO","-2.9827500000000000","-45.8124583333333333","120"
"2008","1","MATO GROSSO","-12.3533767123287671","-54.2385753424657534","146"
"2008","1","PARA","-2.6781166666666667","-50.0629541666666667","240"
"2008","1","RONDONIA","-11.7288333333333333","-62.1290000000000000","6"
"2008","1","RORAIMA","2.2999919137466307","-60.3573450134770889","371"
"2008","1","TOCANTINS","-7.0040000000000000","-48.5506666666666667","6"
"2008","2","AMAPA","-0.93400000000000000000","-52.2240000000000000","1"
"2008","2","AMAZONAS","-1.2802708333333333","-62.4797083333333333","48"
"2008","2","MARANHAO","-4.0551578947368421","-46.6951578947368421","19"
"2008","2","MATO GROSSO","-13.2621065573770492","-55.4927213114754098","122"
"2008","2","PARA","-3.3033333333333333","-50.1962121212121212","99"
"2008","2","RONDONIA","-10.8995000000000000","-63.0525833333333333","12"
"2008","2","RORAIMA","2.5570313901345291","-60.4189417040358744","223"
"2008","2","TOCANTINS","-6.5173333333333333","-48.0530000000000000","3"
"2008","3","ACRE","-8.2360000000000000","-73.0380000000000000","1"
"2008","3","AMAPA","2.2240000000000000","-50.9375000000000000","2"
"2008","3","AMAZONAS","-0.24648000000000000000","-66.9461600000000000","25"
"2008","3","MATO GROSSO","-12.5272051282051282","-55.4103162393162393","117"
"2008","3","PARA","-3.3261818181818182","-51.7207272727272727","11"
"2008","3","RONDONIA","-11.4740000000000000","-62.2960000000000000","2"
"2008","3","RORAIMA","1.9533247863247863","-60.5255413105413105","702"
"2008","4","ACRE","-7.8870000000000000","-72.4380000000000000","1"
"2008","4","AMAPA","0.74400000000000000000","-51.3185000000000000","2"
"2008","4","AMAZONAS","-0.96771428571428571429","-65.7840857142857143","35"
"2008","4","MARANHAO","-4.0686250000000000","-45.9771250000000000","8"
"2008","4","MATO GROSSO","-12.5820547945205479","-55.4679269406392694","219"
"2008","4","PARA","-3.9490000000000000","-50.6165833333333333","12"
"2008","4","RONDONIA","-12.3917500000000000","-61.2720000000000000","12"
"2008","4","RORAIMA","2.6084568345323741","-60.7324280575539568","278"
"2008","4","TOCANTINS","-6.6975000000000000","-48.0530000000000000","2"
"2008","5","ACRE","-10.0099130434782609","-69.5207391304347826","23"
"2008","5","AMAZONAS","-4.6419166666666667","-61.6148333333333333","12"
"2008","5","MARANHAO","-3.8720000000000000","-45.6853529411764706","17"
"2008","5","MATO GROSSO","-12.5197335907335907","-56.0003243243243243","259"
"2008","5","PARA","-5.3650000000000000","-50.3942333333333333","30"
"2008","5","RONDONIA","-11.2372500000000000","-62.7320000000000000","20"
"2008","5","RORAIMA","3.5565000000000000","-60.5152272727272727","22"
"2008","6","ACRE","-9.1290000000000000","-70.4912222222222222","18"
"2008","6","AMAPA","0.83250000000000000000","-50.9330000000000000","2"
"2008","6","AMAZONAS","-6.5321904761904762","-63.1721190476190476","42"
"2008","6","MARANHAO","-3.3994200000000000","-45.9098400000000000","50"
"2008","6","MATO GROSSO","-12.2142450704225352","-55.4272000000000000","710"
"2008","6","PARA","-4.3910640243902439","-50.1493414634146341","328"
"2008","6","RONDONIA","-11.1824303797468354","-62.3507721518987342","79"
"2008","6","RORAIMA","3.3523333333333333","-60.8980000000000000","3"
"2008","6","TOCANTINS","-7.5933125000000000","-48.9826875000000000","16"
"2008","7","ACRE","-9.2045939393939394","-69.5729878787878788","165"
"2008","7","AMAPA","0.88925000000000000000","-51.1647500000000000","4"
"2008","7","AMAZONAS","-6.5279168490153173","-62.2661312910284464","457"
"2008","7","MARANHAO","-3.5788953974895397","-45.6046610878661088","239"
"2008","7","MATO GROSSO","-11.7399262948207171","-56.1604322709163347","1506"
"2008","7","PARA","-5.4805721854304636","-52.3116125827814570","3020"
"2008","7","RONDONIA","-10.3544989473684211","-62.9087894736842105","475"
"2008","7","TOCANTINS","-7.2318571428571429","-48.4323714285714286","35"
"2008","8","ACRE","-8.9296304750154226","-70.3800832819247378","1621"
"2008","8","AMAPA","1.1912142857142857","-51.1321428571428571","14"
"2008","8","AMAZONAS","-7.1742698975571316","-63.0810015760441292","2538"
"2008","8","MARANHAO","-3.4226394052044610","-45.6016319702602230","269"
"2008","8","MATO GROSSO","-10.9996762684124386","-57.1783459901800327","3055"
"2008","8","PARA","-6.0717777072949705","-52.7080186678749434","11035"
"2008","8","RONDONIA","-9.9324471830985915","-63.3489140845070423","2840"
"2008","8","RORAIMA","3.2421538461538462","-60.7447692307692308","13"
"2008","8","TOCANTINS","-7.1981166666666667","-48.6329833333333333","60"
"2008","9","ACRE","-9.3319728537495758","-69.5725833050559891","2947"
"2008","9","AMAPA","1.0114285714285714","-51.1476766917293233","133"
"2008","9","AMAZONAS","-7.4875250582750583","-64.8091159673659674","1716"
"2008","9","MARANHAO","-2.9442227722772277","-45.6608415841584158","404"
"2008","9","MATO GROSSO","-11.1550366860287374","-57.5334035463161113","6542"
"2008","9","PARA","-5.9269616400718588","-51.2342576349994716","9463"
"2008","9","RONDONIA","-10.5814320093915085","-63.2175897084719233","5111"
"2008","9","RORAIMA","3.2458333333333333","-60.7397333333333333","30"
"2008","9","TOCANTINS","-7.1805609756097561","-48.5471219512195122","123"
"2008","10","ACRE","-9.8643399532710280","-68.6378049065420561","856"
"2008","10","AMAPA","1.3998079877112135","-51.3282872503840246","651"
"2008","10","AMAZONAS","-6.2055389273356401","-62.9828581314878893","1156"
"2008","10","MARANHAO","-4.1466802557953637","-46.1776674660271783","1251"
"2008","10","MATO GROSSO","-11.6187682998243217","-55.9139332422408745","5123"
"2008","10","PARA","-4.4047059128630705","-50.8920892116182573","11568"
"2008","10","RONDONIA","-10.7800364992150706","-63.2221930926216641","2548"
"2008","10","RORAIMA","2.9365625000000000","-60.4116875000000000","112"
"2008","10","TOCANTINS","-6.7961976284584980","-48.5259407114624506","253"
"2008","11","ACRE","-9.3252380952380952","-70.0392539682539683","63"
"2008","11","AMAPA","1.2926895093062606","-51.1487258883248731","1182"
"2008","11","AMAZONAS","-4.0349061913696060","-60.4292401500938086","533"
"2008","11","MARANHAO","-3.8394942377346065","-45.9761590385248601","3037"
"2008","11","MATO GROSSO","-12.2842947368421053","-56.3033192982456140","570"
"2008","11","PARA","-2.6268410532994924","-50.8925871404399323","9456"
"2008","11","RONDONIA","-10.7720285714285714","-63.3174000000000000","420"
"2008","11","RORAIMA","2.7838424242424242","-60.1428303030303030","165"
"2008","11","TOCANTINS","-6.3271666666666667","-48.4475833333333333","24"
"2008","12","ACRE","-7.7467500000000000","-72.7707500000000000","4"
"2008","12","AMAPA","0.75315822784810126582","-51.0306708860759494","158"
"2008","12","AMAZONAS","-3.2005000000000000","-59.4862872340425532","94"
"2008","12","MARANHAO","-3.0907504152823920","-45.8185909468438538","2408"
"2008","12","MATO GROSSO","-13.1370257510729614","-56.8226008583690987","233"
"2008","12","PARA","-2.2810677753373078","-49.4281277063068717","3187"
"2008","12","RONDONIA","-10.8035416666666667","-62.6281666666666667","24"
"2008","12","RORAIMA","3.4769677419354839","-60.2545806451612903","31"
"2008","12","TOCANTINS","-5.9561666666666667","-48.0963333333333333","6"
"2009","1","AMAPA","0.24250000000000000000","-51.4328750000000000","8"
"2009","1","AMAZONAS","-3.4890294117647059","-59.4553823529411765","34"
"2009","1","MARANHAO","-3.0946666666666667","-45.8658288288288288","222"
"2009","1","MATO GROSSO","-12.9275276752767528","-55.9355608856088561","271"
"2009","1","PARA","-2.7489034334763948","-49.9394206008583691","466"
"2009","1","RONDONIA","-11.6250400000000000","-62.4929200000000000","25"
"2009","1","RORAIMA","3.7074615384615385","-60.6101076923076923","65"
"2009","1","TOCANTINS","-7.8085000000000000","-48.8280000000000000","4"
"2009","2","ACRE","-7.6765000000000000","-72.6230000000000000","2"
"2009","2","AMAZONAS","-4.3880000000000000","-61.4421111111111111","9"
"2009","2","MARANHAO","-4.3720000000000000","-47.2890000000000000","1"
"2009","2","MATO GROSSO","-12.8297623762376238","-55.6276039603960396","101"
"2009","2","PARA","-3.3138076923076923","-51.5925000000000000","26"
"2009","2","RONDONIA","-12.3410000000000000","-60.3160000000000000","2"
"2009","2","RORAIMA","3.3278632075471698","-60.7687877358490566","212"
"2009","2","TOCANTINS","-8.1960000000000000","-49.1190000000000000","1"
"2009","3","AMAZONAS","-2.1384736842105263","-63.7112631578947368","19"
"2009","3","MARANHAO","-5.3386666666666667","-47.2830000000000000","3"
"2009","3","MATO GROSSO","-12.3855206611570248","-54.9389834710743802","242"
"2009","3","PARA","-1.4278181818181818","-53.2589090909090909","11"
"2009","3","RONDONIA","-12.4573333333333333","-61.4514000000000000","15"
"2009","3","RORAIMA","2.3185358361774744","-60.5047883959044369","293"
"2009","3","TOCANTINS","-7.2800000000000000","-48.2700000000000000","1"
"2009","4","ACRE","-7.6755000000000000","-72.8760000000000000","2"
"2009","4","AMAPA","-0.43350000000000000000","-51.9855000000000000","2"
"2009","4","AMAZONAS","-2.0455454545454545","-61.0564545454545455","11"
"2009","4","MARANHAO","-2.6500000000000000","-44.1880000000000000","1"
"2009","4","MATO GROSSO","-12.7147966101694915","-55.5467627118644068","118"
"2009","4","PARA","-1.4430666666666667","-54.1084000000000000","15"
"2009","4","RONDONIA","-12.0098333333333333","-61.5026666666666667","6"
"2009","4","RORAIMA","2.3269247311827957","-60.5941899641577061","279"
"2009","4","TOCANTINS","-9.0990000000000000","-48.5860000000000000","1"
"2009","5","ACRE","-8.8850000000000000","-71.5364000000000000","10"
"2009","5","AMAPA","2.2705000000000000","-50.9195000000000000","2"
"2009","5","AMAZONAS","-3.3237500000000000","-62.4435000000000000","4"
"2009","5","MARANHAO","-3.0725000000000000","-45.7460000000000000","2"
"2009","5","MATO GROSSO","-12.5247111111111111","-55.1654111111111111","360"
"2009","5","PARA","-1.7255000000000000","-54.4725000000000000","8"
"2009","5","RONDONIA","-10.4965000000000000","-62.4808000000000000","10"
"2009","5","RORAIMA","2.9826714801444043","-60.7302707581227437","277"
"2009","6","ACRE","-8.1380000000000000","-70.4930000000000000","1"
"2009","6","AMAPA","1.80100000000000000000","-50.8430000000000000","1"
"2009","6","AMAZONAS","-3.2458709677419355","-60.5020967741935484","31"
"2009","6","MARANHAO","-4.3186250000000000","-46.1165000000000000","8"
"2009","6","MATO GROSSO","-12.2411437054631829","-55.2063800475059382","842"
"2009","6","PARA","-4.3480989010989011","-51.0921648351648352","91"
"2009","6","RONDONIA","-10.7686538461538462","-63.0506538461538462","26"
"2009","6","RORAIMA","2.9979473684210526","-60.9688421052631579","19"
"2009","6","TOCANTINS","-8.3277500000000000","-48.5525000000000000","4"
"2009","7","ACRE","-8.5720847457627119","-71.4207288135593220","59"
"2009","7","AMAPA","0.09825000000000000000","-51.5775000000000000","4"
"2009","7","AMAZONAS","-4.2143780487804878","-61.3931097560975610","246"
"2009","7","MARANHAO","-3.4509701492537313","-45.5455671641791045","67"
"2009","7","MATO GROSSO","-11.6730878815911193","-55.8769185938945421","1081"
"2009","7","PARA","-4.3890782361308677","-51.1980056899004267","703"
"2009","7","RONDONIA","-10.8443233082706767","-63.0045037593984962","133"
"2009","7","RORAIMA","3.0559047619047619","-60.7842380952380952","21"
"2009","7","TOCANTINS","-7.2215384615384615","-48.4329230769230769","13"
"2009","8","ACRE","-8.8479180327868852","-70.7334726775956284","366"
"2009","8","AMAPA","1.3530434782608696","-51.2480434782608696","23"
"2009","8","AMAZONAS","-5.1424630350194553","-61.1524519177320734","1799"
"2009","8","MARANHAO","-3.2567407407407407","-45.3296851851851852","216"
"2009","8","MATO GROSSO","-11.1591669341894061","-57.2817704654895666","1246"
"2009","8","PARA","-5.3187796138135908","-53.1251589305607130","5386"
"2009","8","RONDONIA","-10.4036924342105263","-63.2346365131578947","608"
"2009","8","RORAIMA","2.0948292682926829","-60.2604878048780488","41"
"2009","8","TOCANTINS","-7.1152340425531915","-48.4301702127659574","47"
"2009","9","ACRE","-9.1206298984034833","-70.1013599419448476","2067"
"2009","9","AMAPA","1.5589345794392523","-51.1034065420560748","214"
"2009","9","AMAZONAS","-5.5303563282336579","-62.5379012517385257","3595"
"2009","9","MARANHAO","-2.9936644295302013","-45.5163053691275168","298"
"2009","9","MATO GROSSO","-10.7922775297619048","-57.1990900297619048","2688"
"2009","9","PARA","-5.3504442584532976","-51.9421190715321951","8961"
"2009","9","RONDONIA","-10.3754867877786953","-63.5420185796862097","2422"
"2009","9","RORAIMA","2.2841554054054054","-60.3228918918918919","148"
"2009","9","TOCANTINS","-7.1424104477611940","-48.5961940298507463","134"
"2009","10","ACRE","-9.7763445378151261","-69.1423697478991597","952"
"2009","10","AMAPA","1.5975573080967403","-51.2991545741324921","951"
"2009","10","AMAZONAS","-4.7561959319219593","-61.0884782067247821","2409"
"2009","10","MARANHAO","-4.1446037296037296","-46.0548916083916084","858"
"2009","10","MATO GROSSO","-11.2918019761218608","-57.2863334705640181","2429"
"2009","10","PARA","-3.4904504447268107","-51.6817322109275731","9444"
"2009","10","RONDONIA","-10.4599738219895288","-63.4238047120418848","1910"
"2009","10","RORAIMA","2.3164329501915709","-60.3360919540229885","261"
"2009","10","TOCANTINS","-6.2751192660550459","-48.3647155963302752","109"
"2009","11","ACRE","-8.4837800000000000","-71.6975200000000000","50"
"2009","11","AMAPA","1.1658681614349776","-51.2914959641255605","1115"
"2009","11","AMAZONAS","-3.3184964394710071","-59.3798250254323499","983"
"2009","11","MARANHAO","-3.7976317365269461","-46.0068134730538922","3340"
"2009","11","MATO GROSSO","-12.6278456521739130","-57.1987847826086957","460"
"2009","11","PARA","-2.7925538646375651","-50.9932629555466560","12485"
"2009","11","RONDONIA","-10.7625700934579439","-63.0107056074766355","214"
"2009","11","RORAIMA","1.6964619289340102","-60.1575025380710660","394"
"2009","11","TOCANTINS","-6.2346825396825397","-48.4338095238095238","63"
"2009","12","ACRE","-8.8615000000000000","-70.3585000000000000","2"
"2009","12","AMAPA","0.00052941176470588235","-51.4507573529411765","136"
"2009","12","AMAZONAS","-2.7739928571428571","-59.5968500000000000","140"
"2009","12","MARANHAO","-2.8974089805825243","-45.8110188106796117","1648"
"2009","12","MATO GROSSO","-12.4994924242424242","-55.8123106060606061","132"
"2009","12","PARA","-2.3056991150442478","-50.1363962635201573","4068"
"2009","12","RONDONIA","-10.8781600000000000","-63.4198000000000000","25"
"2009","12","RORAIMA","2.1810028653295129","-60.3510401146131805","349"
"2009","12","TOCANTINS","-6.7752000000000000","-48.5882000000000000","5"
"2010","1","ACRE","-10.3020000000000000","-67.5330000000000000","1"
"2010","1","AMAPA","-0.77375000000000000000","-52.4325000000000000","4"
"2010","1","AMAZONAS","-1.5424946236559140","-64.5503118279569892","93"
"2010","1","MARANHAO","-3.2702413793103448","-45.9761839080459770","261"
"2010","1","MATO GROSSO","-12.7559577464788732","-55.7174647887323944","142"
"2010","1","PARA","-2.6200085592011412","-49.8067674750356633","701"
"2010","1","RONDONIA","-11.7254230769230769","-62.4199230769230769","26"
"2010","1","RORAIMA","2.3901072210065646","-60.8688490153172867","457"
"2010","1","TOCANTINS","-7.0137500000000000","-48.6905833333333333","12"
"2010","2","AMAZONAS","-0.49268421052631578947","-64.7461184210526316","76"
"2010","2","MARANHAO","-3.8921818181818182","-46.4830909090909091","11"
"2010","2","MATO GROSSO","-12.6470528301886792","-55.3657320754716981","265"
"2010","2","PARA","-3.3940204081632653","-50.3592585034013605","147"
"2010","2","RONDONIA","-11.2225555555555556","-62.5457777777777778","9"
"2010","2","RORAIMA","2.7178564668769716","-61.0472413249211356","634"
"2010","2","TOCANTINS","-7.0870000000000000","-48.5482000000000000","5"
"2010","3","ACRE","-10.9550000000000000","-68.7110000000000000","1"
"2010","3","AMAPA","1.12900000000000000000","-52.0730000000000000","3"
"2010","3","AMAZONAS","-2.5286406250000000","-63.6550000000000000","64"
"2010","3","MARANHAO","-3.7277142857142857","-46.3137500000000000","28"
"2010","3","MATO GROSSO","-12.6099010416666667","-55.2390234375000000","384"
"2010","3","PARA","-3.0071134751773050","-50.4785744680851064","141"
"2010","3","RONDONIA","-12.3245384615384615","-61.2433076923076923","13"
"2010","3","RORAIMA","2.2162388059701493","-60.6475764925373134","536"
"2010","3","TOCANTINS","-6.7625000000000000","-48.4525000000000000","6"
"2010","4","ACRE","-8.5820000000000000","-71.3754000000000000","10"
"2010","4","AMAZONAS","-6.0532222222222222","-68.2326666666666667","9"
"2010","4","MATO GROSSO","-12.4280863723608445","-55.6173224568138196","521"
"2010","4","PARA","-7.9166000000000000","-52.2929333333333333","30"
"2010","4","RONDONIA","-11.0276428571428571","-62.2538809523809524","42"
"2010","4","RORAIMA","3.0946842105263158","-60.7940000000000000","19"
"2010","4","TOCANTINS","-6.2675000000000000","-48.8030000000000000","2"
"2010","5","ACRE","-9.3724848484848485","-70.3436363636363636","33"
"2010","5","AMAPA","1.7925000000000000","-50.8335000000000000","2"
"2010","5","AMAZONAS","-5.7192972972972973","-65.3969729729729730","37"
"2010","5","MARANHAO","-3.1498000000000000","-45.1186000000000000","5"
"2010","5","MATO GROSSO","-12.1446670967741935","-55.1595638709677419","775"
"2010","5","PARA","-5.8238762886597938","-50.2994226804123711","97"
"2010","5","RONDONIA","-11.0448000000000000","-62.8583428571428571","70"
"2010","5","RORAIMA","3.1440000000000000","-61.1343333333333333","6"
"2010","5","TOCANTINS","-7.5190000000000000","-49.0430000000000000","1"
"2010","6","ACRE","-8.7868536585365854","-71.0170487804878049","41"
"2010","6","AMAZONAS","-5.5462920353982301","-62.3693716814159292","113"
"2010","6","MARANHAO","-3.8586969696969697","-45.9920000000000000","33"
"2010","6","MATO GROSSO","-11.9135038314176245","-55.4574885057471264","1044"
"2010","6","PARA","-5.8727097505668934","-50.2482902494331066","441"
"2010","6","RONDONIA","-10.6659775784753363","-62.8037040358744395","223"
"2010","6","RORAIMA","2.5680000000000000","-60.1950000000000000","1"
"2010","6","TOCANTINS","-7.6282000000000000","-48.4507333333333333","15"
"2010","7","ACRE","-9.2711904761904762","-69.5557571428571429","210"
"2010","7","AMAPA","0.71700000000000000000","-51.2263333333333333","3"
"2010","7","AMAZONAS","-6.7645317258883249","-63.5323337563451777","788"
"2010","7","MARANHAO","-3.8083793103448276","-45.9338362068965517","116"
"2010","7","MATO GROSSO","-11.2267337923121056","-55.6762036718301779","1743"
"2010","7","PARA","-6.2052251815980630","-51.1807205811138015","2065"
"2010","7","RONDONIA","-10.0836716417910448","-63.2235464982778416","871"
"2010","7","RORAIMA","2.9245000000000000","-60.5195000000000000","2"
"2010","7","TOCANTINS","-6.9513571428571429","-48.4604571428571429","70"
"2010","8","ACRE","-8.8888902616279070","-70.3907238372093023","2752"
"2010","8","AMAPA","0.30200000000000000000","-51.6210000000000000","2"
"2010","8","AMAZONAS","-6.9769292910093138","-63.7911866565291770","5261"
"2010","8","MARANHAO","-4.2456728723404255","-46.1114281914893617","376"
"2010","8","MATO GROSSO","-11.1038021102256145","-56.1768053653608710","8909"
"2010","8","PARA","-7.2677690639848688","-52.0925259491627070","21677"
"2010","8","RONDONIA","-10.5656092806624116","-62.8680619285837502","5797"
"2010","8","RORAIMA","2.3341428571428571","-60.2794285714285714","7"
"2010","8","TOCANTINS","-6.8788776371308017","-48.5188185654008439","237"
"2010","9","ACRE","-9.4081522862823062","-69.5152765407554672","5030"
"2010","9","AMAPA","1.2476666666666667","-51.1489722222222222","72"
"2010","9","AMAZONAS","-6.6983603581198707","-64.0720935090773439","4021"
"2010","9","MARANHAO","-4.3857600631412786","-46.1705911602209945","1267"
"2010","9","MATO GROSSO","-11.2520012658227848","-55.7045989289191821","10270"
"2010","9","PARA","-6.8060311450582735","-51.4347641403832225","15187"
"2010","9","RONDONIA","-10.7384191759112520","-63.3212807712625462","7572"
"2010","9","RORAIMA","2.2122592592592593","-60.8040370370370370","27"
"2010","9","TOCANTINS","-6.8569650924024641","-48.5296591375770021","487"
"2010","10","ACRE","-9.5360936902485660","-69.3245544933078394","523"
"2010","10","AMAPA","1.5585167597765363","-51.2457653631284916","358"
"2010","10","AMAZONAS","-4.8203078276165347","-61.8512638522427441","1137"
"2010","10","MARANHAO","-3.8735421800947867","-46.0071478672985782","1055"
"2010","10","MATO GROSSO","-11.8317703973309069","-56.7798028510767364","3297"
"2010","10","PARA","-4.3362195804195804","-51.1097577311577312","6435"
"2010","10","RONDONIA","-10.9564175377468060","-63.0907787456445993","1722"
"2010","10","RORAIMA","2.9191494252873563","-60.9648505747126437","87"
"2010","10","TOCANTINS","-6.7190326086956522","-48.5044239130434783","184"
"2010","11","ACRE","-9.9165344827586207","-68.6873620689655172","58"
"2010","11","AMAPA","1.4209938775510204","-51.3974918367346939","490"
"2010","11","AMAZONAS","-3.7153475000000000","-60.1067200000000000","400"
"2010","11","MARANHAO","-3.8547702498107494","-45.8952812263436790","2642"
"2010","11","MATO GROSSO","-12.1356329787234043","-56.1121737588652482","564"
"2010","11","PARA","-2.8404416755037116","-50.7805099416755037","7544"
"2010","11","RONDONIA","-11.3693133903133903","-63.0208319088319088","351"
"2010","11","RORAIMA","3.0023589743589744","-60.4661538461538462","39"
"2010","11","TOCANTINS","-6.9306962025316456","-48.6331645569620253","79"
"2010","12","ACRE","-9.9965000000000000","-69.2920000000000000","2"
"2010","12","AMAPA","0.11515151515151515152","-51.6873030303030303","66"
"2010","12","AMAZONAS","-3.9317928571428571","-60.7155642857142857","140"
"2010","12","MARANHAO","-3.1266615691489362","-45.6727885638297872","1504"
"2010","12","MATO GROSSO","-12.9146875000000000","-56.8259486607142857","448"
"2010","12","PARA","-2.3116741120468693","-49.8949703405346027","2731"
"2010","12","RONDONIA","-10.8102543859649123","-63.0360131578947368","228"
"2010","12","RORAIMA","2.9004077669902913","-60.1284757281553398","103"
"2010","12","TOCANTINS","-7.2477777777777778","-48.7305555555555556","18"
"2011","1","ACRE","-9.2930000000000000","-70.7290000000000000","2"
"2011","1","AMAZONAS","-1.5294067796610169","-64.2665084745762712","59"
"2011","1","MARANHAO","-2.4356237623762376","-45.8234950495049505","101"
"2011","1","MATO GROSSO","-13.0759000000000000","-55.7297625000000000","80"
"2011","1","PARA","-2.4509452054794521","-50.8207945205479452","219"
"2011","1","RONDONIA","-12.0210000000000000","-63.7815000000000000","2"
"2011","1","RORAIMA","2.9697882736156352","-60.2976710097719870","307"
"2011","1","TOCANTINS","-6.8330000000000000","-48.6670000000000000","1"
"2011","2","AMAPA","-0.00866666666666666667","-51.2553333333333333","3"
"2011","2","AMAZONAS","-5.3565000000000000","-62.2946666666666667","6"
"2011","2","MARANHAO","-4.4300000000000000","-47.3920000000000000","1"
"2011","2","MATO GROSSO","-12.6358470588235294","-55.3248352941176471","85"
"2011","2","PARA","-3.5479600000000000","-51.0136000000000000","25"
"2011","2","RONDONIA","-10.9365454545454545","-62.5897272727272727","11"
"2011","2","RORAIMA","3.3510000000000000","-60.5118928571428571","140"
"2011","3","AMAZONAS","-0.89021739130434782609","-65.6876956521739130","23"
"2011","3","MARANHAO","-3.3990000000000000","-46.7237500000000000","4"
"2011","3","MATO GROSSO","-12.3231422018348624","-55.0940321100917431","218"
"2011","3","PARA","-4.8342500000000000","-52.4035625000000000","16"
"2011","3","RONDONIA","-10.5786666666666667","-63.5650000000000000","6"
"2011","3","RORAIMA","2.1420443037974684","-60.5091265822784810","158"
"2011","3","TOCANTINS","-7.3065000000000000","-48.4215000000000000","2"
"2011","4","ACRE","-7.8132500000000000","-72.7885000000000000","4"
"2011","4","AMAZONAS","-4.0705714285714286","-63.2855714285714286","7"
"2011","4","MARANHAO","-4.5470000000000000","-46.2390000000000000","3"
"2011","4","MATO GROSSO","-12.5606300366300366","-55.4946410256410256","273"
"2011","4","PARA","-2.5961000000000000","-54.2205000000000000","10"
"2011","4","RONDONIA","-11.7666666666666667","-62.1225000000000000","12"
"2011","4","RORAIMA","3.0701025641025641","-60.6341666666666667","156"
"2011","5","ACRE","-10.8362500000000000","-68.7053750000000000","8"
"2011","5","AMAPA","1.43350000000000000000","-50.7410000000000000","2"
"2011","5","AMAZONAS","-4.4862500000000000","-63.4717500000000000","16"
"2011","5","MARANHAO","-3.6630000000000000","-45.5823750000000000","8"
"2011","5","MATO GROSSO","-12.3582846534653465","-55.5931460396039604","404"
"2011","5","PARA","-3.0109047619047619","-51.1969047619047619","21"
"2011","5","RONDONIA","-11.2707118644067797","-62.2887966101694915","59"
"2011","5","RORAIMA","2.5860000000000000","-60.3386666666666667","9"
"2011","5","TOCANTINS","-5.3010000000000000","-48.3970000000000000","1"
"2011","6","ACRE","-8.1376538461538462","-71.5570000000000000","26"
"2011","6","AMAPA","0.11500000000000000000","-51.1090000000000000","1"
"2011","6","AMAZONAS","-4.2446875000000000","-60.4358437500000000","32"
"2011","6","MARANHAO","-3.7652641509433962","-45.8328301886792453","53"
"2011","6","MATO GROSSO","-12.1629086294416244","-55.5856649746192893","591"
"2011","6","PARA","-4.1808492462311558","-50.3246783919597990","199"
"2011","6","RONDONIA","-10.9983727810650888","-62.4959053254437870","169"
"2011","6","RORAIMA","3.1767777777777778","-60.7167777777777778","9"
"2011","6","TOCANTINS","-7.6606666666666667","-49.1146666666666667","3"
"2011","7","ACRE","-9.4229000000000000","-69.4234769230769231","130"
"2011","7","AMAPA","0.81350000000000000000","-51.1740000000000000","4"
"2011","7","AMAZONAS","-6.1718545454545455","-61.8479060606060606","330"
"2011","7","MARANHAO","-3.4474945054945055","-45.6096373626373626","91"
"2011","7","MATO GROSSO","-11.9237384615384615","-55.0961711538461538","520"
"2011","7","PARA","-4.2887441406250000","-51.4660683593750000","1024"
"2011","7","RONDONIA","-10.2992343750000000","-62.9070312500000000","320"
"2011","7","RORAIMA","3.0066000000000000","-60.4120000000000000","10"
"2011","7","TOCANTINS","-6.8099375000000000","-48.4978125000000000","16"
"2011","8","ACRE","-8.8160642335766423","-70.5647956204379562","685"
"2011","8","AMAPA","0.90475000000000000000","-51.0673333333333333","12"
"2011","8","AMAZONAS","-6.4213804277381724","-63.2322780298120544","1543"
"2011","8","MARANHAO","-3.3472476190476190","-45.6087714285714286","105"
"2011","8","MATO GROSSO","-11.6502721145745577","-56.5793807919123842","1187"
"2011","8","PARA","-5.4159111842105263","-53.4418671052631579","3040"
"2011","8","RONDONIA","-10.0974410898379971","-63.5330066273932253","1358"
"2011","8","RORAIMA","2.9901489361702128","-60.8149148936170213","47"
"2011","8","TOCANTINS","-7.1228800000000000","-48.3850000000000000","25"
"2011","9","ACRE","-9.1874419456066946","-69.9766799163179916","1912"
"2011","9","AMAPA","1.0211142857142857","-51.0821428571428571","140"
"2011","9","AMAZONAS","-6.1347618110236220","-63.0327329396325459","1524"
"2011","9","MARANHAO","-3.4762906403940887","-45.8630591133004926","406"
"2011","9","MATO GROSSO","-11.1646506575185820","-56.2069165237278445","3498"
"2011","9","PARA","-5.5766878756780531","-51.8508130772613986","6821"
"2011","9","RONDONIA","-10.6911403580146461","-63.0046582587469487","2458"
"2011","9","RORAIMA","3.2146363636363636","-60.6926818181818182","66"
"2011","9","TOCANTINS","-6.1669320987654321","-48.3502654320987654","162"
"2011","10","ACRE","-9.8199242424242424","-68.6872234848484848","264"
"2011","10","AMAPA","1.3432204724409449","-51.3692939632545932","381"
"2011","10","AMAZONAS","-4.6771504739336493","-61.7808056872037915","844"
"2011","10","MARANHAO","-3.9588344594594595","-46.0294459459459459","592"
"2011","10","MATO GROSSO","-11.4087139364303178","-56.5965079462102689","1636"
"2011","10","PARA","-3.9344433304272014","-51.4357591543156059","4588"
"2011","10","RONDONIA","-10.8766034348165496","-63.2445854800936768","1281"
"2011","10","RORAIMA","2.7546666666666667","-60.3420370370370370","81"
"2011","10","TOCANTINS","-6.7832043010752688","-48.4822688172043011","93"
"2011","11","ACRE","-9.3503815789473684","-69.9897960526315789","152"
"2011","11","AMAPA","0.77665110565110565111","-51.3763734643734644","407"
"2011","11","AMAZONAS","-3.7773466135458167","-60.3573426294820717","502"
"2011","11","MARANHAO","-3.4777486090035407","-45.7775842185128983","1977"
"2011","11","MATO GROSSO","-12.5055244755244755","-56.4436083916083916","429"
"2011","11","PARA","-2.7476500000000000","-50.8626517361111111","5760"
"2011","11","RONDONIA","-10.9803921568627451","-63.3748431372549020","357"
"2011","11","RORAIMA","1.6223646408839779","-60.1836464088397790","181"
"2011","11","TOCANTINS","-6.2922800000000000","-48.3948800000000000","50"
"2011","12","ACRE","-10.3295000000000000","-68.8071250000000000","8"
"2011","12","AMAPA","0.35528923766816143498","-51.3109237668161435","446"
"2011","12","AMAZONAS","-3.3593098591549296","-59.2467183098591549","142"
"2011","12","MARANHAO","-3.1705847094801223","-45.8488837920489297","1635"
"2011","12","MATO GROSSO","-12.5692197802197802","-56.0328351648351648","182"
"2011","12","PARA","-2.2647882231404959","-50.2809068181818182","4840"
"2011","12","RONDONIA","-11.3777333333333333","-63.1092222222222222","45"
"2011","12","RORAIMA","2.5748745980707395","-60.3325948553054662","311"
"2011","12","TOCANTINS","-6.4176086956521739","-48.5936521739130435","23"
"2012","1","ACRE","-7.6580000000000000","-73.0850000000000000","1"
"2012","1","AMAPA","-0.37282352941176470588","-51.5426764705882353","34"
"2012","1","AMAZONAS","-3.9701250000000000","-61.0791250000000000","8"
"2012","1","MARANHAO","-2.8146754966887417","-45.7519834437086093","302"
"2012","1","MATO GROSSO","-13.4556455696202532","-57.0879493670886076","79"
"2012","1","PARA","-2.0854644194756554","-49.7866273408239700","534"
"2012","1","RONDONIA","-11.3880000000000000","-62.0243333333333333","6"
"2012","1","RORAIMA","3.2993472803347280","-60.4950753138075314","239"
"2012","2","AMAPA","0.65937500000000000000","-51.5476250000000000","8"
"2012","2","AMAZONAS","-2.6882500000000000","-64.7278750000000000","8"
"2012","2","MARANHAO","-3.4410000000000000","-46.3497407407407407","27"
"2012","2","MATO GROSSO","-12.6086343283582090","-55.0441716417910448","134"
"2012","2","PARA","-2.5593717948717949","-49.5118461538461538","78"
"2012","2","RONDONIA","-10.9364444444444444","-63.4498888888888889","9"
"2012","2","RORAIMA","2.7222674418604651","-60.6446220930232558","172"
"2012","2","TOCANTINS","-7.2825000000000000","-48.5010000000000000","2"
"2012","3","AMAPA","0.45933333333333333333","-51.6810000000000000","3"
"2012","3","AMAZONAS","-4.8516000000000000","-64.5008000000000000","5"
"2012","3","MARANHAO","-3.5522000000000000","-45.9836000000000000","5"
"2012","3","MATO GROSSO","-12.6489043824701195","-55.5135019920318725","251"
"2012","3","PARA","-3.6855000000000000","-50.2895000000000000","16"
"2012","3","RONDONIA","-12.1886500000000000","-61.6920500000000000","20"
"2012","3","RORAIMA","3.0839562841530055","-60.6382404371584699","183"
"2012","3","TOCANTINS","-6.9980000000000000","-49.0880000000000000","1"
"2012","4","ACRE","-10.5110000000000000","-68.3143333333333333","3"
"2012","4","AMAPA","1.6565000000000000","-50.9915000000000000","2"
"2012","4","AMAZONAS","-5.7717500000000000","-66.8938750000000000","8"
"2012","4","MARANHAO","-4.0035000000000000","-46.0955000000000000","2"
"2012","4","MATO GROSSO","-12.6071703296703297","-55.0401620879120879","364"
"2012","4","PARA","-5.3252500000000000","-51.6287083333333333","24"
"2012","4","RONDONIA","-11.6167142857142857","-62.6641428571428571","21"
"2012","4","RORAIMA","3.3817142857142857","-60.5844081632653061","49"
"2012","5","ACRE","-10.1460000000000000","-68.7974666666666667","15"
"2012","5","AMAPA","1.7526666666666667","-50.8060000000000000","3"
"2012","5","AMAZONAS","-3.5892666666666667","-60.3770000000000000","15"
"2012","5","MARANHAO","-3.3147500000000000","-45.5080000000000000","24"
"2012","5","MATO GROSSO","-12.0660948678071540","-55.0231384136858476","643"
"2012","5","PARA","-4.0453367346938776","-50.4160102040816327","98"
"2012","5","RONDONIA","-11.2284571428571429","-62.7590571428571429","35"
"2012","5","RORAIMA","2.9097142857142857","-60.7738571428571429","21"
"2012","5","TOCANTINS","-6.8680000000000000","-49.0920000000000000","1"
"2012","6","ACRE","-8.4253333333333333","-71.6282500000000000","12"
"2012","6","AMAPA","1.1640000000000000","-50.9936250000000000","8"
"2012","6","AMAZONAS","-3.9618793103448276","-60.8247586206896552","58"
"2012","6","MARANHAO","-3.7690645161290323","-46.0525483870967742","31"
"2012","6","MATO GROSSO","-11.9457510948905109","-55.0199284671532847","1370"
"2012","6","PARA","-4.2877409836065574","-50.5722885245901639","305"
"2012","6","RONDONIA","-10.8612000000000000","-62.4466545454545455","55"
"2012","6","RORAIMA","2.9473103448275862","-60.6821724137931034","29"
"2012","6","TOCANTINS","-7.5592857142857143","-48.5294285714285714","7"
"2012","7","ACRE","-9.0900378787878788","-70.1829696969696970","132"
"2012","7","AMAPA","1.8703333333333333","-50.9418333333333333","6"
"2012","7","AMAZONAS","-6.1611867088607595","-61.9696012658227848","316"
"2012","7","MARANHAO","-3.7045187969924812","-45.5959774436090226","133"
"2012","7","MATO GROSSO","-11.7472125523012552","-55.4611807531380753","1195"
"2012","7","PARA","-5.0266628242074928","-51.6572939481268012","1041"
"2012","7","RONDONIA","-10.6390790513833992","-62.8137430830039526","253"
"2012","7","RORAIMA","2.7553333333333333","-60.6810000000000000","3"
"2012","7","TOCANTINS","-7.2206250000000000","-48.4389375000000000","16"
"2012","8","ACRE","-8.8629523809523810","-70.6323287545787546","1092"
"2012","8","AMAPA","0.86400000000000000000","-51.0896129032258065","31"
"2012","8","AMAZONAS","-6.9034842367256637","-62.4485984513274336","3616"
"2012","8","MARANHAO","-4.5303668122270742","-46.0926754002911208","687"
"2012","8","MATO GROSSO","-11.1699306901615272","-56.7437001468428781","3405"
"2012","8","PARA","-6.0821383071553229","-53.3444731675392670","9168"
"2012","8","RONDONIA","-9.9159683717297930","-63.4261995314330340","2561"
"2012","8","RORAIMA","2.8737500000000000","-60.4970000000000000","8"
"2012","8","TOCANTINS","-6.8001932773109244","-48.4374033613445378","119"
"2012","9","ACRE","-9.2591022889842632","-69.9902693133047210","2796"
"2012","9","AMAPA","1.7550809248554913","-51.1554393063583815","173"
"2012","9","AMAZONAS","-6.8705591358476748","-63.9156957158549982","2731"
"2012","9","MARANHAO","-4.5283428844317096","-46.1507020057306590","1047"
"2012","9","MATO GROSSO","-11.2763856872527094","-56.1533213487011870","5813"
"2012","9","PARA","-6.2091923076923077","-52.0061159951159951","8190"
"2012","9","RONDONIA","-10.1645450493473416","-63.4280165552371856","3141"
"2012","9","RORAIMA","3.4793370786516854","-60.6275280898876404","89"
"2012","9","TOCANTINS","-6.9501264367816092","-48.4559425287356322","87"
"2012","10","ACRE","-9.8550414673046252","-68.9754688995215311","627"
"2012","10","AMAPA","1.7060171526586621","-51.2686415094339623","583"
"2012","10","AMAZONAS","-4.4571219676549865","-61.2639723719676550","1484"
"2012","10","MARANHAO","-4.1257391058290889","-45.9743101301641200","1767"
"2012","10","MATO GROSSO","-11.4318520871143376","-56.8704360254083485","2204"
"2012","10","PARA","-3.8899103599058190","-51.6214976454759502","5946"
"2012","10","RONDONIA","-10.4814919614147910","-63.4355042872454448","1866"
"2012","10","RORAIMA","2.4966567164179104","-60.5221592039800995","201"
"2012","10","TOCANTINS","-6.8708088235294118","-48.6314926470588235","136"
"2012","11","ACRE","-9.7901025641025641","-69.0461538461538462","39"
"2012","11","AMAPA","1.4373768366464996","-51.1701927398444252","1157"
"2012","11","AMAZONAS","-3.3800040053404539","-59.3696995994659546","749"
"2012","11","MARANHAO","-3.4259910485933504","-45.8382423273657289","1564"
"2012","11","MATO GROSSO","-12.1674968354430380","-56.9070316455696203","316"
"2012","11","PARA","-2.6786140232217337","-51.0144750309998873","8871"
"2012","11","RONDONIA","-10.5233210332103321","-62.9486752767527675","271"
"2012","11","RORAIMA","2.3248677042801556","-60.4013968871595331","257"
"2012","11","TOCANTINS","-6.4085428571428571","-48.4368571428571429","35"
"2012","12","ACRE","-10.5990000000000000","-68.3406666666666667","3"
"2012","12","AMAPA","1.6998529411764706","-50.9834882352941176","510"
"2012","12","AMAZONAS","-3.4004741379310345","-60.1759568965517241","116"
"2012","12","MARANHAO","-2.9625015037593985","-45.7295142857142857","1330"
"2012","12","MATO GROSSO","-12.2789192200557103","-55.3907214484679666","359"
"2012","12","PARA","-2.0391006779661017","-49.7295749152542373","2950"
"2012","12","RONDONIA","-10.7952162162162162","-63.2775540540540541","74"
"2012","12","RORAIMA","2.4684720000000000","-60.3318080000000000","125"
"2012","12","TOCANTINS","-6.8835000000000000","-48.5040000000000000","2"
"2013","1","AMAPA","0.10500000000000000000","-51.2470000000000000","2"
"2013","1","AMAZONAS","-1.6748604651162791","-64.1896744186046512","43"
"2013","1","MARANHAO","-3.0360950000000000","-45.7634950000000000","200"
"2013","1","MATO GROSSO","-12.6732797202797203","-55.8192937062937063","143"
"2013","1","PARA","-2.5478384879725086","-49.4462542955326460","291"
"2013","1","RONDONIA","-10.8024375000000000","-63.3620000000000000","16"
"2013","1","RORAIMA","2.6128962655601660","-60.5191618257261411","482"
"2013","1","TOCANTINS","-7.0857500000000000","-48.6892500000000000","4"
"2013","2","AMAPA","0.05250000000000000000","-52.1010000000000000","2"
"2013","2","AMAZONAS","-4.0205000000000000","-61.3290000000000000","4"
"2013","2","MARANHAO","-3.1375454545454545","-45.8700454545454545","22"
"2013","2","MATO GROSSO","-12.2172045454545455","-55.3274500000000000","220"
"2013","2","PARA","-3.6845106382978723","-50.1625531914893617","47"
"2013","2","RONDONIA","-10.8882500000000000","-62.6870000000000000","8"
"2013","2","RORAIMA","2.5696478873239437","-60.5232676056338028","71"
"2013","3","AMAPA","1.32800000000000000000","-52.0160000000000000","1"
"2013","3","AMAZONAS","-2.9498260869565217","-63.7300000000000000","23"
"2013","3","MARANHAO","-3.8620000000000000","-45.6520000000000000","2"
"2013","3","MATO GROSSO","-12.4333721518987342","-55.0944683544303797","395"
"2013","3","PARA","-4.7500000000000000","-51.5501000000000000","20"
"2013","3","RONDONIA","-11.7233000000000000","-61.9741666666666667","30"
"2013","3","RORAIMA","2.8004641509433962","-60.8836754716981132","265"
"2013","3","TOCANTINS","-6.9780000000000000","-48.5970000000000000","2"
"2013","4","ACRE","-10.0646086956521739","-69.3284565217391304","46"
"2013","4","AMAPA","-0.12350000000000000000","-51.5945000000000000","2"
"2013","4","AMAZONAS","-3.5455769230769231","-64.3636923076923077","26"
"2013","4","MARANHAO","-4.6655000000000000","-46.7275000000000000","6"
"2013","4","MATO GROSSO","-12.4315895522388060","-54.8812761194029851","268"
"2013","4","PARA","-5.6313448275862069","-50.6144827586206897","29"
"2013","4","RONDONIA","-10.6939259259259259","-63.1755185185185185","27"
"2013","4","RORAIMA","3.0762035398230088","-60.8660973451327434","113"
"2013","4","TOCANTINS","-8.8050000000000000","-48.5220000000000000","1"
"2013","5","ACRE","-9.1192727272727273","-70.8898181818181818","11"
"2013","5","AMAPA","-0.90700000000000000000","-52.2500000000000000","1"
"2013","5","AMAZONAS","-3.4444285714285714","-62.5144285714285714","21"
"2013","5","MARANHAO","-3.8267500000000000","-46.2039375000000000","16"
"2013","5","MATO GROSSO","-12.1047562500000000","-55.0105562500000000","640"
"2013","5","PARA","-4.7095000000000000","-50.6610675675675676","74"
"2013","5","RONDONIA","-11.1167368421052632","-63.0425789473684211","19"
"2013","5","RORAIMA","3.4828333333333333","-61.0706666666666667","6"
"2013","5","TOCANTINS","-6.7580000000000000","-48.4260000000000000","8"
"2013","6","ACRE","-8.7314210526315789","-71.0919473684210526","19"
"2013","6","AMAPA","0.92733333333333333333","-51.5851666666666667","6"
"2013","6","AMAZONAS","-3.3978148148148148","-60.4524320987654321","81"
"2013","6","MARANHAO","-3.2439272727272727","-45.5759090909090909","55"
"2013","6","MATO GROSSO","-11.8757744034707158","-55.1116550976138829","922"
"2013","6","PARA","-3.8269659442724458","-50.4870619195046440","323"
"2013","6","RONDONIA","-11.4742500000000000","-62.0632187500000000","32"
"2013","6","RORAIMA","2.7118333333333333","-60.6976666666666667","6"
"2013","6","TOCANTINS","-8.0273333333333333","-48.5716666666666667","6"
"2013","7","ACRE","-9.1640510204081633","-69.9657755102040816","98"
"2013","7","AMAPA","-0.90100000000000000000","-51.9080000000000000","1"
"2013","7","AMAZONAS","-4.3343593314763231","-62.1329108635097493","359"
"2013","7","MARANHAO","-3.6551756756756757","-45.5930000000000000","74"
"2013","7","MATO GROSSO","-11.9375371093750000","-55.4764384765625000","1024"
"2013","7","PARA","-3.9490100882723834","-50.2142168978562421","793"
"2013","7","RONDONIA","-10.7676477987421384","-62.6312704402515723","159"
"2013","7","RORAIMA","3.5955000000000000","-60.0372500000000000","4"
"2013","7","TOCANTINS","-7.5345263157894737","-48.4466842105263158","19"
"2013","8","ACRE","-9.1361196172248804","-70.0366976076555024","1045"
"2013","8","AMAPA","0.82027777777777777778","-51.0007222222222222","18"
"2013","8","AMAZONAS","-5.7346527006562342","-63.2790646138313983","1981"
"2013","8","MARANHAO","-3.4157173144876325","-45.4330141342756184","283"
"2013","8","MATO GROSSO","-11.2814834619625138","-56.2064592061742007","1814"
"2013","8","PARA","-5.7919360226914592","-52.3993154743145288","3173"
"2013","8","RONDONIA","-10.5895989110707804","-62.9707041742286751","1102"
"2013","8","RORAIMA","2.5030000000000000","-61.3020000000000000","4"
"2013","8","TOCANTINS","-8.0239583333333333","-48.6067500000000000","24"
"2013","9","ACRE","-9.4292704893425398","-69.8070777544280997","3331"
"2013","9","AMAPA","1.0342936507936508","-51.1089920634920635","126"
"2013","9","AMAZONAS","-6.4431406533575318","-63.9476905626134301","2204"
"2013","9","MARANHAO","-3.5779125964010283","-45.8239023136246787","389"
"2013","9","MATO GROSSO","-10.9716785236694303","-56.4936204867611661","3739"
"2013","9","PARA","-5.9639702039880816","-51.5255182214072886","4363"
"2013","9","RONDONIA","-10.2571294498381877","-63.3993551779935275","2472"
"2013","9","RORAIMA","3.1501025641025641","-60.7419230769230769","39"
"2013","9","TOCANTINS","-7.3005121951219512","-48.6637723577235772","123"
"2013","10","ACRE","-9.8512075471698113","-69.0603081761006289","318"
"2013","10","AMAPA","1.5659964285714286","-51.2776178571428571","560"
"2013","10","AMAZONAS","-4.0092364372469636","-60.6145238866396761","1235"
"2013","10","MARANHAO","-4.2031556122448980","-46.0426173469387755","784"
"2013","10","MATO GROSSO","-11.8073943127962085","-56.1502274881516588","1055"
"2013","10","PARA","-3.6038676950998185","-51.2542286751361162","5510"
"2013","10","RONDONIA","-10.5613098039215686","-62.9229764705882353","510"
"2013","10","RORAIMA","2.1065603448275862","-60.3111379310344828","116"
"2013","10","TOCANTINS","-7.0057792207792208","-48.5821753246753247","154"
"2013","11","ACRE","-10.2695000000000000","-69.1137500000000000","108"
"2013","11","AMAPA","0.98953017944535073409","-51.2821370309951060","613"
"2013","11","AMAZONAS","-3.1771976744186047","-59.9406201550387597","258"
"2013","11","MARANHAO","-3.5851273996509599","-45.7054729493891798","1146"
"2013","11","MATO GROSSO","-13.1340967741935484","-56.4473771712158809","403"
"2013","11","PARA","-2.4016540062434964","-51.3862239854318418","3844"
"2013","11","RONDONIA","-11.2809320388349515","-62.8833786407766990","103"
"2013","11","RORAIMA","2.4598240000000000","-60.1426080000000000","125"
"2013","11","TOCANTINS","-7.1504000000000000","-48.6008000000000000","15"
"2013","12","ACRE","-10.3225000000000000","-67.7490000000000000","4"
"2013","12","AMAPA","0.44949746192893401015","-51.3103299492385787","197"
"2013","12","AMAZONAS","-2.7376317689530686","-60.2665198555956679","277"
"2013","12","MARANHAO","-3.0546988202637058","-45.7470548230395559","1441"
"2013","12","MATO GROSSO","-12.1843864734299517","-55.4689710144927536","207"
"2013","12","PARA","-2.5575215988528410","-50.8285305610324431","5579"
"2013","12","RONDONIA","-10.5793481481481481","-63.5015259259259259","135"
"2013","12","RORAIMA","2.3540548780487805","-60.1816036585365854","164"
"2013","12","TOCANTINS","-6.2676666666666667","-48.3308888888888889","9"
"2014","1","AMAPA","0.23004000000000000000","-51.4152800000000000","25"
"2014","1","AMAZONAS","-2.6750281690140845","-62.4139014084507042","71"
"2014","1","MARANHAO","-2.9700756756756757","-45.8480432432432432","185"
"2014","1","MATO GROSSO","-12.2250536912751678","-54.9575100671140940","149"
"2014","1","PARA","-2.1342894736842105","-50.7359140350877193","570"
"2014","1","RONDONIA","-10.2660000000000000","-62.5917272727272727","11"
"2014","1","RORAIMA","2.5425206463195691","-60.5686678635547576","557"
"2014","1","TOCANTINS","-6.5982000000000000","-48.3490000000000000","5"
"2014","2","AMAPA","0.86300000000000000000","-52.1735000000000000","2"
"2014","2","AMAZONAS","-2.2357647058823529","-65.5089411764705882","17"
"2014","2","MATO GROSSO","-12.1916136363636364","-55.6351136363636364","88"
"2014","2","PARA","-5.6279333333333333","-51.0251333333333333","30"
"2014","2","RONDONIA","-11.6982500000000000","-61.9065000000000000","4"
"2014","2","RORAIMA","2.2944307228915663","-60.7238433734939759","332"
"2014","3","ACRE","-10.8140000000000000","-68.3890000000000000","1"
"2014","3","AMAPA","0.98400000000000000000","-51.0300000000000000","2"
"2014","3","AMAZONAS","-0.85426666666666666667","-66.1804333333333333","30"
"2014","3","MARANHAO","-4.3765000000000000","-47.2665000000000000","2"
"2014","3","MATO GROSSO","-12.2154273255813953","-55.0109331395348837","344"
"2014","3","PARA","-3.4722352941176471","-53.2825294117647059","17"
"2014","3","RONDONIA","-12.0286363636363636","-61.6289090909090909","11"
"2014","3","RORAIMA","2.2408043117744610","-60.6717213930348259","603"
"2014","4","ACRE","-10.7721428571428571","-68.6302857142857143","7"
"2014","4","AMAPA","0.36600000000000000000","-50.9270000000000000","1"
"2014","4","AMAZONAS","-1.9536500000000000","-66.6985000000000000","20"
"2014","4","MARANHAO","-4.5220000000000000","-47.1620000000000000","1"
"2014","4","MATO GROSSO","-12.5144828496042216","-55.0102453825857520","379"
"2014","4","PARA","-3.2261739130434783","-51.9050000000000000","23"
"2014","4","RONDONIA","-11.6635625000000000","-62.2081875000000000","16"
"2014","4","RORAIMA","2.7208907103825137","-60.9268852459016393","183"
"2014","4","TOCANTINS","-6.3255000000000000","-48.0175000000000000","2"
"2014","5","ACRE","-7.7670000000000000","-72.9430000000000000","1"
"2014","5","AMAZONAS","-3.3354117647058824","-64.4145294117647059","17"
"2014","5","MARANHAO","-4.2055000000000000","-46.3897500000000000","8"
"2014","5","MATO GROSSO","-12.0647753036437247","-54.7623319838056680","494"
"2014","5","PARA","-5.8407090909090909","-51.0277090909090909","55"
"2014","5","RONDONIA","-12.2046153846153846","-61.6616538461538462","26"
"2014","5","RORAIMA","2.8877460317460317","-60.8290634920634921","63"
"2014","5","TOCANTINS","-8.0355555555555556","-48.4875555555555556","9"
"2014","6","ACRE","-9.1596521739130435","-70.8034347826086957","23"
"2014","6","AMAPA","-0.00700000000000000000","-51.1275000000000000","2"
"2014","6","AMAZONAS","-5.2758630136986301","-61.6508219178082192","73"
"2014","6","MARANHAO","-4.1837272727272727","-46.6926060606060606","33"
"2014","6","MATO GROSSO","-11.8424512867647059","-55.3718851102941176","1088"
"2014","6","PARA","-6.0281514084507042","-51.2671197183098592","284"
"2014","6","RONDONIA","-10.7874242424242424","-62.6136161616161616","99"
"2014","6","RORAIMA","3.2620000000000000","-61.1898000000000000","5"
"2014","6","TOCANTINS","-7.5433809523809524","-48.4703809523809524","21"
"2014","7","ACRE","-9.4471868131868132","-69.5387582417582418","91"
"2014","7","AMAPA","1.5360000000000000","-50.9132000000000000","5"
"2014","7","AMAZONAS","-5.2257035573122530","-62.4558932806324111","253"
"2014","7","MARANHAO","-4.1064339622641509","-46.3110943396226415","106"
"2014","7","MATO GROSSO","-11.7380917065390750","-55.1371379585326954","1254"
"2014","7","PARA","-5.1825522755227552","-52.0978339483394834","813"
"2014","7","RONDONIA","-10.9312427184466019","-62.5160000000000000","206"
"2014","7","RORAIMA","3.0887777777777778","-60.8821111111111111","9"
"2014","7","TOCANTINS","-6.6489310344827586","-48.4283793103448276","29"
"2014","8","ACRE","-9.0109136975455265","-70.3154457640538401","1263"
"2014","8","AMAPA","1.2518421052631579","-51.1635789473684211","19"
"2014","8","AMAZONAS","-6.7306717536071032","-62.5418590455049945","3604"
"2014","8","MARANHAO","-4.4304580419580420","-46.0811153846153846","286"
"2014","8","MATO GROSSO","-10.9145744458930900","-56.8337632333767927","3835"
"2014","8","PARA","-6.3829987725543145","-53.6516095495274334","8147"
"2014","8","RONDONIA","-9.9462061928219564","-63.4888652357494722","2842"
"2014","8","RORAIMA","3.0543125000000000","-60.7320000000000000","16"
"2014","8","TOCANTINS","-6.8316237623762376","-48.3951188118811881","101"
"2014","9","ACRE","-9.4421012658227848","-69.7112120253164557","2528"
"2014","9","AMAPA","1.3943105590062112","-51.0814161490683230","161"
"2014","9","AMAZONAS","-5.8556194409148666","-62.9524186785260483","3148"
"2014","9","MARANHAO","-4.0076997578692494","-45.9885230024213075","413"
"2014","9","MATO GROSSO","-10.9954237066142764","-56.4893473040820781","4581"
"2014","9","PARA","-5.6593117842073538","-52.1137512055455093","6636"
"2014","9","RONDONIA","-10.2130980042765502","-63.3315049893086244","2806"
"2014","9","RORAIMA","2.5445125000000000","-61.3421500000000000","80"
"2014","9","TOCANTINS","-6.8382721893491124","-48.5041893491124260","169"
"2014","10","ACRE","-9.8355394088669951","-69.7270960591133005","406"
"2014","10","AMAPA","1.8436233108108108","-51.3399341216216216","592"
"2014","10","AMAZONAS","-4.0496347607052897","-60.7604760705289673","794"
"2014","10","MARANHAO","-4.2770354182366240","-46.0665305199698568","1327"
"2014","10","MATO GROSSO","-11.4648925285241075","-55.6630099374309901","2717"
"2014","10","PARA","-3.6573435346899535","-51.5421589488863964","6241"
"2014","10","RONDONIA","-10.6541881390593047","-62.8398854805725971","978"
"2014","10","RORAIMA","2.7905076923076923","-60.5262769230769231","65"
"2014","10","TOCANTINS","-6.9662156862745098","-48.6115588235294118","102"
"2014","11","ACRE","-10.4210428571428571","-68.6750571428571429","70"
"2014","11","AMAPA","1.1153552833078101","-51.2671301684532925","653"
"2014","11","AMAZONAS","-3.4163367052023121","-59.7469523121387283","692"
"2014","11","MARANHAO","-3.7264877005347594","-45.9061935828877005","1870"
"2014","11","MATO GROSSO","-12.0115197740112994","-56.0870075329566855","531"
"2014","11","PARA","-2.7391991654021244","-51.4418115832068791","7908"
"2014","11","RONDONIA","-11.0394598930481283","-62.7564438502673797","187"
"2014","11","RORAIMA","1.5817868020304569","-60.1026751269035533","197"
"2014","11","TOCANTINS","-6.5008524590163934","-48.4957377049180328","61"
"2014","12","ACRE","-9.7590000000000000","-68.0491250000000000","8"
"2014","12","AMAPA","0.64080569948186528497","-51.1979274611398964","386"
"2014","12","AMAZONAS","-3.0424532871972318","-61.0966470588235294","289"
"2014","12","MARANHAO","-3.0417756324900133","-45.7746111850865513","1502"
"2014","12","MATO GROSSO","-11.9985990783410138","-55.8996958525345622","217"
"2014","12","PARA","-2.2706428571428571","-50.5930189504373178","4802"
"2014","12","RONDONIA","-10.4200354609929078","-62.8947730496453901","141"
"2014","12","RORAIMA","1.9378777506112469","-60.2882836185819071","409"
"2014","12","TOCANTINS","-6.4760000000000000","-48.3316315789473684","19"
"2015","1","ACRE","-10.0046666666666667","-67.6960000000000000","3"
"2015","1","AMAPA","0.40488888888888888889","-51.2571851851851852","27"
"2015","1","AMAZONAS","-2.2810789473684211","-61.4793947368421053","38"
"2015","1","MARANHAO","-2.9949409282700422","-45.8849113924050633","237"
"2015","1","MATO GROSSO","-12.2402938388625592","-55.5752914691943128","422"
"2015","1","PARA","-2.9972702078521940","-51.2844688221709007","866"
"2015","1","RONDONIA","-11.1804583333333333","-62.3706666666666667","24"
"2015","1","RORAIMA","2.4557226277372263","-60.4970170316301703","411"
"2015","1","TOCANTINS","-6.5521428571428571","-48.3712142857142857","14"
"2015","2","ACRE","-9.3190000000000000","-70.8355000000000000","2"
"2015","2","AMAZONAS","-2.1025070422535211","-63.7176338028169014","71"
"2015","2","MARANHAO","-2.6146315789473684","-45.5657368421052632","38"
"2015","2","MATO GROSSO","-12.2664031620553360","-55.2853478260869565","253"
"2015","2","PARA","-3.6075326086956522","-50.5923695652173913","92"
"2015","2","RONDONIA","-10.6131176470588235","-62.8436470588235294","17"
"2015","2","RORAIMA","1.7889299474605954","-60.5193292469352014","571"
"2015","2","TOCANTINS","-7.7810000000000000","-48.3910000000000000","3"
"2015","3","ACRE","-8.1610000000000000","-70.7730000000000000","1"
"2015","3","AMAPA","1.91200000000000000000","-50.8580000000000000","1"
"2015","3","AMAZONAS","-3.7151200000000000","-63.3128400000000000","25"
"2015","3","MARANHAO","-4.8082000000000000","-45.8734000000000000","5"
"2015","3","MATO GROSSO","-12.2818808777429467","-54.9397272727272727","319"
"2015","3","PARA","-5.1807741935483871","-50.9331935483870968","31"
"2015","3","RONDONIA","-12.6328000000000000","-61.7454000000000000","10"
"2015","3","RORAIMA","2.5742685714285714","-60.5376057142857143","175"
"2015","3","TOCANTINS","-5.8160000000000000","-47.9300000000000000","5"
"2015","4","ACRE","-10.1843333333333333","-67.7696666666666667","3"
"2015","4","AMAZONAS","-2.7337500000000000","-62.1447500000000000","20"
"2015","4","MARANHAO","-5.0742000000000000","-47.3180000000000000","5"
"2015","4","MATO GROSSO","-12.2212729591836735","-55.1725484693877551","392"
"2015","4","PARA","-3.5879090909090909","-51.2758636363636364","22"
"2015","4","RONDONIA","-11.8720000000000000","-62.3430833333333333","12"
"2015","4","RORAIMA","2.4016970684039088","-60.6841758957654723","307"
"2015","4","TOCANTINS","-8.2720000000000000","-49.0620000000000000","1"
"2015","5","ACRE","-9.4360000000000000","-70.9835000000000000","2"
"2015","5","AMAZONAS","-5.0446363636363636","-62.8967272727272727","11"
"2015","5","MARANHAO","-2.6655000000000000","-44.9020000000000000","2"
"2015","5","MATO GROSSO","-12.0817116788321168","-54.9758868613138686","274"
"2015","5","PARA","-4.9361904761904762","-50.3079761904761905","84"
"2015","5","RONDONIA","-10.3575384615384615","-63.3280769230769231","13"
"2015","5","RORAIMA","3.2159285714285714","-60.9378571428571429","14"
"2015","5","TOCANTINS","-7.3368571428571429","-48.7267142857142857","7"
"2015","6","ACRE","-9.8267619047619048","-69.3565952380952381","42"
"2015","6","AMAPA","0.83300000000000000000","-51.3125000000000000","2"
"2015","6","AMAZONAS","-5.9103823529411765","-63.5000000000000000","34"
"2015","6","MARANHAO","-4.1038695652173913","-46.6000869565217391","46"
"2015","6","MATO GROSSO","-11.8963003851091142","-55.5347560975609756","779"
"2015","6","PARA","-5.4314564315352697","-50.6107012448132780","241"
"2015","6","RONDONIA","-10.4528750000000000","-63.3179083333333333","120"
"2015","6","RORAIMA","1.7854000000000000","-60.5446000000000000","5"
"2015","6","TOCANTINS","-7.7851666666666667","-48.8171666666666667","18"
"2015","7","ACRE","-9.3310762711864407","-69.4639491525423729","118"
"2015","7","AMAPA","0.78175000000000000000","-51.4572500000000000","4"
"2015","7","AMAZONAS","-6.3051342465753425","-62.4279369863013699","365"
"2015","7","MARANHAO","-3.7606914893617021","-46.1232872340425532","94"
"2015","7","MATO GROSSO","-11.8617150776053215","-55.9430986696230599","902"
"2015","7","PARA","-5.4267120181405896","-51.5663174603174603","882"
"2015","7","RONDONIA","-10.2087146282973621","-63.2584220623501199","417"
"2015","7","RORAIMA","2.6008000000000000","-60.5916000000000000","5"
"2015","7","TOCANTINS","-6.9956000000000000","-48.4145333333333333","30"
"2015","8","ACRE","-9.1825141625615764","-69.7955412561576355","1624"
"2015","8","AMAPA","0.77023076923076923077","-51.1210000000000000","26"
"2015","8","AMAZONAS","-7.1477112160566706","-62.8854987012987013","4235"
"2015","8","MARANHAO","-4.2252822299651568","-46.1091777003484321","287"
"2015","8","MATO GROSSO","-10.8251915561758548","-57.0974720865317516","2866"
"2015","8","PARA","-6.1832248435870699","-53.2807171532846715","7672"
"2015","8","RONDONIA","-9.8194631952017448","-63.7694610141766630","3668"
"2015","8","RORAIMA","2.5689285714285714","-60.5306428571428571","14"
"2015","8","TOCANTINS","-6.8599873417721519","-48.4407341772151899","79"
"2015","9","ACRE","-9.5035764665988471","-69.6125103424889793","2949"
"2015","9","AMAPA","1.3355000000000000","-51.1113636363636364","198"
"2015","9","AMAZONAS","-5.7613796962430056","-62.5150537569944045","5004"
"2015","9","MARANHAO","-4.5697113752122241","-46.3674651952461800","589"
"2015","9","MATO GROSSO","-10.8802817364233829","-56.6684633344863369","5782"
"2015","9","PARA","-6.0437793272301469","-52.5541860762188631","9394"
"2015","9","RONDONIA","-10.1079126419087935","-63.4005279969213008","5197"
"2015","9","RORAIMA","1.9923023255813953","-60.3924767441860465","86"
"2015","9","TOCANTINS","-6.9491102362204724","-48.5499370078740157","127"
"2015","10","ACRE","-9.9550822368421053","-68.9421096491228070","912"
"2015","10","AMAPA","1.7290226537216828","-51.3492211434735707","927"
"2015","10","AMAZONAS","-4.6546153157187640","-61.1052033139274519","2233"
"2015","10","MARANHAO","-4.3571075471698113","-46.1323459119496855","1590"
"2015","10","MATO GROSSO","-11.5031280504524267","-56.6824439265149438","3647"
"2015","10","PARA","-4.0317911641143786","-51.6689200433663098","7379"
"2015","10","RONDONIA","-10.5008176661264182","-63.3083310372771475","2468"
"2015","10","RORAIMA","2.4046752577319588","-60.6383041237113402","194"
"2015","10","TOCANTINS","-6.8734033613445378","-48.5077394957983193","119"
"2015","11","ACRE","-9.6818869565217391","-69.2003043478260870","115"
"2015","11","AMAPA","0.96113342696629213483","-51.2399740168539326","1424"
"2015","11","AMAZONAS","-4.1294246424642464","-60.5543718371837184","909"
"2015","11","MARANHAO","-3.6081679023113825","-45.9457884866986481","2293"
"2015","11","MATO GROSSO","-12.1545239755884917","-56.9530871839581517","1147"
"2015","11","PARA","-2.8034475109884494","-51.2687128692630073","9783"
"2015","11","RONDONIA","-10.6197069922308546","-63.2025516093229745","901"
"2015","11","RORAIMA","1.6195335570469799","-60.2593221476510067","298"
"2015","11","TOCANTINS","-6.8425538461538462","-48.5600000000000000","65"
"2015","12","ACRE","-9.9823750000000000","-69.3680000000000000","8"
"2015","12","AMAPA","0.09413149847094801223","-51.4618562691131498","327"
"2015","12","AMAZONAS","-2.7113059071729958","-59.9336772151898734","474"
"2015","12","MARANHAO","-3.3518523372651813","-45.9671197029270424","2289"
"2015","12","MATO GROSSO","-11.9740465686274510","-55.6072218137254902","816"
"2015","12","PARA","-2.7235757665972015","-50.9121347127121167","6718"
"2015","12","RONDONIA","-10.7581279069767442","-62.9507635658914729","258"
"2015","12","RORAIMA","1.9257983870967742","-60.5102338709677419","372"
"2015","12","TOCANTINS","-7.1107560975609756","-48.6340731707317073","41"
"2016","1","ACRE","-8.9657692307692308","-70.8380769230769231","13"
"2016","1","AMAPA","0.02125000000000000000","-51.3451250000000000","16"
"2016","1","AMAZONAS","-1.0694495412844037","-62.6650015290519878","654"
"2016","1","MARANHAO","-2.8633506944444444","-45.8158611111111111","288"
"2016","1","MATO GROSSO","-12.5847901234567901","-56.6881543209876543","162"
"2016","1","PARA","-2.4148194726166329","-52.7628722109533469","1479"
"2016","1","RONDONIA","-11.0961411764705882","-63.0155882352941176","85"
"2016","1","RORAIMA","1.7068386108273749","-60.7180572012257406","1958"
"2016","1","TOCANTINS","-7.4560000000000000","-48.7880000000000000","2"
"2016","2","ACRE","-9.2790000000000000","-70.8775000000000000","2"
"2016","2","AMAPA","0.33400000000000000000","-50.8670000000000000","1"
"2016","2","AMAZONAS","-1.0280833333333333","-62.9892857142857143","252"
"2016","2","MARANHAO","-4.1602090909090909","-46.5335090909090909","110"
"2016","2","MATO GROSSO","-12.0228237547892720","-55.1792758620689655","522"
"2016","2","PARA","-4.2536810810810811","-51.2402027027027027","370"
"2016","2","RONDONIA","-10.7018873239436620","-62.8224225352112676","71"
"2016","2","RORAIMA","1.6685189189189189","-60.7017945945945946","185"
"2016","2","TOCANTINS","-7.4295000000000000","-48.7753913043478261","46"
"2016","3","AMAZONAS","-0.22751428571428571429","-63.0853619047619048","105"
"2016","3","MARANHAO","-4.4175000000000000","-47.1455000000000000","2"
"2016","3","MATO GROSSO","-12.2666971608832808","-55.0150252365930599","634"
"2016","3","PARA","-6.1339622641509434","-51.1298490566037736","53"
"2016","3","RONDONIA","-11.5438666666666667","-61.9914333333333333","30"
"2016","3","RORAIMA","2.1752008368200837","-61.1313347280334728","1195"
"2016","3","TOCANTINS","-7.0886000000000000","-48.8024000000000000","5"
"2016","4","ACRE","-7.9940000000000000","-72.3830000000000000","1"
"2016","4","AMAZONAS","-2.8124615384615385","-63.8928461538461538","13"
"2016","4","MARANHAO","-4.1472500000000000","-46.4201250000000000","8"
"2016","4","MATO GROSSO","-12.2210499359795134","-55.1749782330345711","781"
"2016","4","PARA","-7.4620980392156863","-50.9604117647058824","51"
"2016","4","RONDONIA","-11.7287500000000000","-61.9787857142857143","56"
"2016","4","RORAIMA","2.3866038961038961","-60.7584285714285714","154"
"2016","4","TOCANTINS","-6.9578181818181818","-48.6499090909090909","11"
"2016","5","ACRE","-9.6766521739130435","-69.3914347826086957","23"
"2016","5","AMAPA","0.87433333333333333333","-51.5126666666666667","3"
"2016","5","AMAZONAS","-4.5045384615384615","-62.9301153846153846","26"
"2016","5","MARANHAO","-3.8553600000000000","-46.2392800000000000","25"
"2016","5","MATO GROSSO","-11.9083039049235993","-55.0162801358234295","589"
"2016","5","PARA","-5.7131756756756757","-50.9735608108108108","148"
"2016","5","RONDONIA","-10.8099423076923077","-63.3704807692307692","52"
"2016","5","RORAIMA","2.1562727272727273","-60.5193636363636364","22"
"2016","5","TOCANTINS","-6.9701428571428571","-48.3432857142857143","7"
"2016","6","ACRE","-8.9851584158415842","-70.2217524752475248","101"
"2016","6","AMAPA","-0.15550000000000000000","-51.5675000000000000","2"
"2016","6","AMAZONAS","-5.8005833333333333","-63.5642976190476190","84"
"2016","6","MARANHAO","-3.9515119047619048","-45.9260238095238095","84"
"2016","6","MATO GROSSO","-11.7369853587115666","-55.4511976573938507","683"
"2016","6","PARA","-4.4321532416502947","-50.0720628683693517","509"
"2016","6","RONDONIA","-10.5441839080459770","-62.9681781609195402","174"
"2016","6","RORAIMA","1.6937000000000000","-60.8543000000000000","10"
"2016","6","TOCANTINS","-7.6113750000000000","-48.7400625000000000","16"
"2016","7","ACRE","-9.1394319727891156","-69.7731972789115646","588"
"2016","7","AMAPA","0.58500000000000000000","-50.9900000000000000","1"
"2016","7","AMAZONAS","-6.8378086476540938","-63.4277102115915363","1087"
"2016","7","MARANHAO","-4.2543419913419913","-45.8864155844155844","231"
"2016","7","MATO GROSSO","-11.5341917167668671","-55.9948623914495658","1497"
"2016","7","PARA","-5.3689463048498845","-52.2022534642032333","1732"
"2016","7","RONDONIA","-10.2375026399155227","-63.5178711721224921","947"
"2016","7","RORAIMA","3.3740000000000000","-60.8610000000000000","1"
"2016","7","TOCANTINS","-7.2175833333333333","-48.6353888888888889","36"
"2016","8","ACRE","-8.9518174980205859","-70.2124433887569279","2526"
"2016","8","AMAPA","1.1706666666666667","-50.9069487179487179","39"
"2016","8","AMAZONAS","-6.9073669222343921","-64.0216656626506024","3652"
"2016","8","MARANHAO","-4.2032889908256881","-45.8912660550458716","436"
"2016","8","MATO GROSSO","-10.9874793474488025","-56.5449909753557792","2881"
"2016","8","PARA","-6.0404325940212150","-53.0661492767598843","5185"
"2016","8","RONDONIA","-10.2975272214386460","-63.6839940761636107","3545"
"2016","8","RORAIMA","2.1437647058823529","-60.7285294117647059","17"
"2016","8","TOCANTINS","-7.1060169491525424","-48.5406271186440678","59"
"2016","9","ACRE","-9.3761136422469583","-69.6568273362671499","3863"
"2016","9","AMAPA","1.4257933333333333","-51.0022733333333333","150"
"2016","9","AMAZONAS","-7.3099698384201077","-64.7492667863554758","2785"
"2016","9","MARANHAO","-3.9660491803278689","-46.0245475409836066","305"
"2016","9","MATO GROSSO","-10.6624511525795829","-57.1573920600073180","5466"
"2016","9","PARA","-5.6786645177926766","-51.6727289840123775","3878"
"2016","9","RONDONIA","-10.2211305569749617","-63.4410373019928462","3914"
"2016","9","RORAIMA","3.2146666666666667","-61.2637222222222222","18"
"2016","9","TOCANTINS","-7.3096049382716049","-48.7653827160493827","81"
"2016","10","ACRE","-9.8380252427184466","-69.3190834951456311","515"
"2016","10","AMAPA","1.6196200980392157","-51.2283431372549020","816"
"2016","10","AMAZONAS","-5.1226246732880293","-62.2219905906952431","1913"
"2016","10","MARANHAO","-4.2538384697130712","-46.0306928799149841","941"
"2016","10","MATO GROSSO","-11.5308682601445247","-56.3259155086158977","1799"
"2016","10","PARA","-4.1323584145112529","-51.6192101108498488","5954"
"2016","10","RONDONIA","-10.2847181372549020","-63.0889779411764706","2040"
"2016","10","RORAIMA","2.5725887850467290","-61.0072149532710280","107"
"2016","10","TOCANTINS","-6.9958187919463087","-48.5692416107382550","149"
"2016","11","ACRE","-9.5895869565217391","-69.2513260869565217","46"
"2016","11","AMAPA","0.96528260869565217391","-51.3307047101449275","1104"
"2016","11","AMAZONAS","-3.8342132796780684","-60.8585714285714286","497"
"2016","11","MARANHAO","-3.7924679611650485","-45.7618258899676375","1545"
"2016","11","MATO GROSSO","-11.9926286231884058","-55.7586557971014493","552"
"2016","11","PARA","-2.7969667760459393","-51.2258453650533224","7314"
"2016","11","RONDONIA","-10.4366228710462287","-63.2431167883211679","411"
"2016","11","RORAIMA","2.7542173913043478","-60.4091304347826087","69"
"2016","11","TOCANTINS","-6.6546111111111111","-48.4772361111111111","72"
"2016","12","ACRE","-9.6055000000000000","-70.0130000000000000","6"
"2016","12","AMAPA","0.67727861771058315335","-51.2859632829373650","463"
"2016","12","AMAZONAS","-4.5432666666666667","-61.5390476190476190","105"
"2016","12","MARANHAO","-2.9082151101783841","-45.5756547743966422","953"
"2016","12","MATO GROSSO","-12.1299148148148148","-55.8076814814814815","270"
"2016","12","PARA","-2.1458164536217634","-50.7781006227466404","3051"
"2016","12","RONDONIA","-10.8280145985401460","-63.4787153284671533","137"
"2016","12","RORAIMA","2.4603656716417910","-60.5507985074626866","134"
"2016","12","TOCANTINS","-7.2414000000000000","-48.7144000000000000","5"
"2017","1","AMAPA","-0.02900000000000000000","-51.6945000000000000","2"
"2017","1","AMAZONAS","-4.0019516129032258","-61.9911612903225806","62"
"2017","1","MARANHAO","-3.4445866666666667","-45.9429600000000000","75"
"2017","1","MATO GROSSO","-12.4565896551724138","-55.5179586206896552","290"
"2017","1","PARA","-3.2693051643192488","-51.6831502347417840","213"
"2017","1","RONDONIA","-10.0177906976744186","-63.3226744186046512","43"
"2017","1","RORAIMA","3.5119351851851852","-60.4956759259259259","108"
"2017","1","TOCANTINS","-6.9450000000000000","-48.6823333333333333","3"
"2017","2","ACRE","-7.6190000000000000","-72.5937500000000000","4"
"2017","2","AMAZONAS","-0.52209523809523809524","-66.2374761904761905","21"
"2017","2","MARANHAO","-3.1536000000000000","-45.8702000000000000","5"
"2017","2","MATO GROSSO","-12.4096804123711340","-55.9030000000000000","194"
"2017","2","PARA","-3.1847142857142857","-49.9586428571428571","14"
"2017","2","RONDONIA","-12.0690666666666667","-61.7626666666666667","15"
"2017","2","RORAIMA","2.3588870967741935","-60.3843709677419355","124"
"2017","2","TOCANTINS","-7.0130000000000000","-48.4370000000000000","2"
"2017","3","AMAZONAS","-3.3300416666666667","-65.0053333333333333","24"
"2017","3","MATO GROSSO","-12.2907708830548926","-55.4984319809069212","419"
"2017","3","PARA","-6.2791111111111111","-51.3691111111111111","18"
"2017","3","RONDONIA","-12.4092272727272727","-61.5748636363636364","22"
"2017","3","RORAIMA","2.2774780876494024","-60.7429880478087649","251"
"2017","3","TOCANTINS","-6.6635000000000000","-48.6435000000000000","2"
"2017","4","ACRE","-7.7770000000000000","-72.7270000000000000","1"
"2017","4","AMAPA","0.11566666666666666667","-51.3953333333333333","3"
"2017","4","AMAZONAS","-2.8221333333333333","-61.4246666666666667","15"
"2017","4","MARANHAO","-4.1782500000000000","-46.3977500000000000","4"
"2017","4","MATO GROSSO","-12.2911921397379913","-55.1043231441048035","458"
"2017","4","PARA","-4.6165714285714286","-52.3477142857142857","42"
"2017","4","RONDONIA","-11.5359500000000000","-62.0406000000000000","20"
"2017","4","RORAIMA","3.1219200000000000","-60.8054666666666667","75"
"2017","5","ACRE","-9.9581111111111111","-69.7511111111111111","9"
"2017","5","AMAPA","0.38950000000000000000","-51.0460000000000000","2"
"2017","5","AMAZONAS","-4.4013939393939394","-62.0455151515151515","33"
"2017","5","MARANHAO","-3.5373750000000000","-46.1762500000000000","8"
"2017","5","MATO GROSSO","-12.1661393728222997","-55.0883780487804878","574"
"2017","5","PARA","-4.5080247933884298","-50.5444214876033058","121"
"2017","5","RONDONIA","-11.2830000000000000","-62.3721724137931034","29"
"2017","5","RORAIMA","2.3792222222222222","-60.7649629629629630","27"
"2017","5","TOCANTINS","-7.1775000000000000","-48.5695000000000000","2"
"2017","6","ACRE","-8.3607435897435897","-71.5217692307692308","39"
"2017","6","AMAPA","0.21150000000000000000","-51.6380000000000000","2"
"2017","6","AMAZONAS","-5.4793157894736842","-62.4781157894736842","95"
"2017","6","MARANHAO","-3.9587887323943662","-46.1836197183098592","71"
"2017","6","MATO GROSSO","-11.7579029345372460","-55.0137787810383747","886"
"2017","6","PARA","-4.6631275720164609","-50.3967942386831276","486"
"2017","6","RONDONIA","-10.2792105263157895","-63.0061118421052632","152"
"2017","6","RORAIMA","2.5135000000000000","-60.6480000000000000","4"
"2017","6","TOCANTINS","-7.4561666666666667","-48.7221666666666667","24"
"2017","7","ACRE","-8.9833646408839779","-70.3021795580110497","362"
"2017","7","AMAPA","0.47433333333333333333","-51.0123333333333333","3"
"2017","7","AMAZONAS","-6.5806108213820078","-62.7100365058670143","1534"
"2017","7","MARANHAO","-3.4875625000000000","-45.5572013888888889","288"
"2017","7","MATO GROSSO","-11.4391858913250715","-55.5517673975214490","1049"
"2017","7","PARA","-4.7871201298701299","-52.0647729978354978","3696"
"2017","7","RONDONIA","-9.9927791044776119","-63.7074776119402985","1005"
"2017","7","RORAIMA","0.38533333333333333333","-59.9743333333333333","3"
"2017","7","TOCANTINS","-7.0390869565217391","-48.4228478260869565","46"
"2017","8","ACRE","-8.8849294385432473","-70.4040394537177542","1318"
"2017","8","AMAPA","1.1109285714285714","-51.0948928571428571","28"
"2017","8","AMAZONAS","-6.6958677237638222","-62.5266417692468183","4793"
"2017","8","MARANHAO","-3.5478672566371681","-45.7779159292035398","226"
"2017","8","MATO GROSSO","-10.3808776479181885","-57.5664181884587290","2738"
"2017","8","PARA","-6.0702976881904111","-53.1494461906388794","8781"
"2017","8","RONDONIA","-9.7727647965474723","-63.5740745992601726","3244"
"2017","8","RORAIMA","3.2292727272727273","-60.6440909090909091","33"
"2017","8","TOCANTINS","-7.2942891566265060","-48.6089156626506024","83"
"2017","9","ACRE","-9.3463364516129032","-69.7499332258064516","3100"
"2017","9","AMAPA","1.4877840909090909","-51.0919659090909091","88"
"2017","9","AMAZONAS","-7.1024602825745683","-64.2730929356357928","3185"
"2017","9","MARANHAO","-4.5102992299229923","-46.3418118811881188","909"
"2017","9","MATO GROSSO","-10.7974572341180646","-56.2154710753578611","8453"
"2017","9","PARA","-6.6382693358754369","-52.0853571020019066","15735"
"2017","9","RONDONIA","-10.1814593469208854","-63.4187207977207977","4563"
"2017","9","RORAIMA","2.2930500000000000","-60.2724750000000000","40"
"2017","9","TOCANTINS","-6.9500141129032258","-48.5670564516129032","496"
"2017","10","ACRE","-9.8647111111111111","-68.8980592592592593","1350"
"2017","10","AMAPA","1.6988931818181818","-51.3517022727272727","440"
"2017","10","AMAZONAS","-5.4508025210084034","-62.8358848739495798","1190"
"2017","10","MARANHAO","-4.2818261316872428","-46.0415761316872428","972"
"2017","10","MATO GROSSO","-11.2310343239849309","-56.0996655504395144","2389"
"2017","10","PARA","-3.9630203384315002","-52.0556851610803775","6146"
"2017","10","RONDONIA","-10.5922546403712297","-63.1508027842227378","1724"
"2017","10","RORAIMA","2.9788400000000000","-60.4799933333333333","150"
"2017","10","TOCANTINS","-6.7626041666666667","-48.4950104166666667","96"
"2017","11","ACRE","-10.1282745098039216","-69.4171666666666667","102"
"2017","11","AMAPA","0.69085082304526748971","-51.3705833333333333","972"
"2017","11","AMAZONAS","-3.3307201646090535","-60.9120390946502058","486"
"2017","11","MARANHAO","-3.6258718300205620","-45.9118636052090473","1459"
"2017","11","MATO GROSSO","-11.8631644612476371","-56.1762495274102079","529"
"2017","11","PARA","-2.6335404087560950","-51.1889650378669987","9639"
"2017","11","RONDONIA","-10.4076855791962175","-63.0518297872340426","423"
"2017","11","RORAIMA","2.6769904988123515","-60.4533657957244656","421"
"2017","11","TOCANTINS","-6.7089864864864865","-48.5684594594594595","74"
"2017","12","ACRE","-8.9741000000000000","-70.7215000000000000","10"
"2017","12","AMAPA","0.33684975369458128079","-51.3898054187192118","406"
"2017","12","AMAZONAS","-3.2507085020242915","-59.4658218623481781","247"
"2017","12","MARANHAO","-3.1891165513571048","-45.8842666311868015","1879"
"2017","12","MATO GROSSO","-12.3241951219512195","-55.6957073170731707","164"
"2017","12","PARA","-2.4941846689895470","-50.9240936667349867","4879"
"2017","12","RONDONIA","-10.6095689655172414","-62.4272586206896552","58"
"2017","12","RORAIMA","2.7278024316109422","-60.4500516717325228","329"
"2017","12","TOCANTINS","-5.8782307692307692","-48.3240000000000000","13"
"2018","1","AMAPA","0.09542857142857142857","-51.3882142857142857","14"
"2018","1","AMAZONAS","-3.5603260869565217","-63.2038913043478261","46"
"2018","1","MARANHAO","-3.5957692307692308","-46.1565961538461538","156"
"2018","1","MATO GROSSO","-11.8892602040816327","-55.1097295918367347","196"
"2018","1","PARA","-3.1039682835820896","-51.4852723880597015","536"
"2018","1","RONDONIA","-10.8384666666666667","-63.5844000000000000","15"
"2018","1","RORAIMA","2.1272416666666667","-60.5491166666666667","480"
"2018","1","TOCANTINS","-6.4560000000000000","-48.3400000000000000","1"
"2018","2","ACRE","-7.6320000000000000","-72.7295000000000000","2"
"2018","2","AMAPA","2.5240000000000000","-51.0420000000000000","1"
"2018","2","AMAZONAS","-0.70394623655913978495","-65.1796666666666667","93"
"2018","2","MARANHAO","-3.3273333333333333","-45.7993333333333333","3"
"2018","2","MATO GROSSO","-12.1199405405405405","-55.2509297297297297","185"
"2018","2","PARA","-1.9765277777777778","-52.7871111111111111","36"
"2018","2","RONDONIA","-11.6101428571428571","-61.9277142857142857","7"
"2018","2","RORAIMA","2.0470268817204301","-60.6249247311827957","558"
"2018","2","TOCANTINS","-7.8080000000000000","-49.0446666666666667","3"
"2018","3","ACRE","-7.7300000000000000","-72.3980000000000000","1"
"2018","3","AMAZONAS","-2.2309444444444444","-64.0083703703703704","54"
"2018","3","MARANHAO","-3.6569090909090909","-46.1766363636363636","11"
"2018","3","MATO GROSSO","-12.2052242798353909","-55.2659917695473251","486"
"2018","3","PARA","-5.7201372549019608","-50.2585686274509804","51"
"2018","3","RONDONIA","-10.4500357142857143","-63.2915000000000000","28"
"2018","3","RORAIMA","2.1327606602475928","-61.0244044016506190","727"
"2018","3","TOCANTINS","-7.3880000000000000","-48.3020000000000000","1"
"2018","4","ACRE","-9.1524000000000000","-71.7332000000000000","5"
"2018","4","AMAPA","0.03300000000000000000","-51.0610000000000000","1"
"2018","4","AMAZONAS","-3.3253571428571429","-61.9859285714285714","14"
"2018","4","MARANHAO","-5.5320000000000000","-46.2470000000000000","1"
"2018","4","MATO GROSSO","-12.3629178571428571","-55.0824357142857143","280"
"2018","4","PARA","-6.5996923076923077","-51.9903076923076923","13"
"2018","4","RONDONIA","-12.7242857142857143","-62.3315714285714286","7"
"2018","4","RORAIMA","2.6995078534031414","-60.9033979057591623","191"
"2018","4","TOCANTINS","-7.3860000000000000","-48.3010000000000000","1"
"2018","5","ACRE","-9.8695000000000000","-69.9400714285714286","14"
"2018","5","AMAPA","0.93400000000000000000","-51.9980000000000000","1"
"2018","5","AMAZONAS","-6.3105263157894737","-61.6593684210526316","19"
"2018","5","MARANHAO","-4.2067142857142857","-46.6414285714285714","14"
"2018","5","MATO GROSSO","-12.0022825719120135","-54.8266869712351946","591"
"2018","5","PARA","-6.3615897435897436","-50.7511025641025641","78"
"2018","5","RONDONIA","-11.6310975609756098","-61.9500731707317073","41"
"2018","5","RORAIMA","3.1831000000000000","-60.7852000000000000","10"
"2018","5","TOCANTINS","-6.3942500000000000","-48.6490000000000000","4"
"2018","6","ACRE","-9.3011219512195122","-70.0327073170731707","41"
"2018","6","AMAPA","1.32800000000000000000","-51.4050000000000000","3"
"2018","6","AMAZONAS","-5.8316991869918699","-61.9505772357723577","123"
"2018","6","MARANHAO","-4.2289285714285714","-46.3607500000000000","56"
"2018","6","MATO GROSSO","-11.6503869257950530","-55.4100132508833922","1132"
"2018","6","PARA","-5.0910660792951542","-51.0016035242290749","454"
"2018","6","RONDONIA","-10.4519256756756757","-63.2676351351351351","148"
"2018","6","RORAIMA","3.9344000000000000","-60.7288000000000000","5"
"2018","6","TOCANTINS","-6.5322222222222222","-48.2450555555555556","18"
"2018","7","ACRE","-9.1319868766404199","-69.5683910761154856","381"
"2018","7","AMAPA","0.83350000000000000000","-51.0257500000000000","4"
"2018","7","AMAZONAS","-7.2010312035661218","-62.6219918276374443","1346"
"2018","7","MARANHAO","-3.8088842105263158","-45.8220842105263158","95"
"2018","7","MATO GROSSO","-11.6441112929623568","-56.1121996726677578","1222"
"2018","7","PARA","-5.0220721205597417","-51.7177050592034446","929"
"2018","7","RONDONIA","-9.8488907672301691","-63.5567893368010403","769"
"2018","7","RORAIMA","3.5220000000000000","-60.4835000000000000","4"
"2018","7","TOCANTINS","-6.5204210526315789","-48.4141842105263158","38"
"2018","8","ACRE","-8.7654437134502924","-70.6127149122807018","1368"
"2018","8","AMAPA","1.3155263157894737","-51.0751052631578947","38"
"2018","8","AMAZONAS","-7.4026998841251448","-64.1961602935496331","2589"
"2018","8","MARANHAO","-3.5940466666666667","-45.9801666666666667","150"
"2018","8","MATO GROSSO","-10.8774881355932203","-57.3999600000000000","1475"
"2018","8","PARA","-5.7099884974838246","-52.8467433501078361","2782"
"2018","8","RONDONIA","-10.0584997468354430","-63.5539448101265823","1975"
"2018","8","RORAIMA","3.0288571428571429","-60.3138571428571429","7"
"2018","8","TOCANTINS","-6.5997297297297297","-48.4044864864864865","37"
"2018","9","ACRE","-9.3131539164192738","-69.9527869376569993","4379"
"2018","9","AMAPA","1.5842520325203252","-51.0866666666666667","123"
"2018","9","AMAZONAS","-7.2455140016233766","-64.2098930600649351","4928"
"2018","9","MARANHAO","-3.4611976047904192","-45.8602634730538922","167"
"2018","9","MATO GROSSO","-10.4165180094786730","-57.8357952606635071","4220"
"2018","9","PARA","-6.0020948487326247","-52.9759386753883892","4892"
"2018","9","RONDONIA","-9.9872823275862069","-63.5241669429708223","6032"
"2018","9","RORAIMA","2.5129411764705882","-60.9082941176470588","17"
"2018","9","TOCANTINS","-6.9524000000000000","-48.5825555555555556","45"
"2018","10","ACRE","-10.1099533169533170","-68.9260024570024570","407"
"2018","10","AMAPA","1.8358774080560420","-51.2280525394045534","571"
"2018","10","AMAZONAS","-4.1582678260869565","-60.8993037681159420","1725"
"2018","10","MARANHAO","-3.9087394366197183","-46.0442253521126761","426"
"2018","10","MATO GROSSO","-11.2917438461538462","-56.1679761538461538","1300"
"2018","10","PARA","-3.7294578361177407","-51.8238025059665871","5028"
"2018","10","RONDONIA","-10.7576521298174442","-63.2741531440162272","986"
"2018","10","RORAIMA","3.1639645390070922","-60.9844609929078014","141"
"2018","10","TOCANTINS","-7.0374000000000000","-48.6416285714285714","70"
"2018","11","ACRE","-9.2806923076923077","-70.4404230769230769","26"
"2018","11","AMAPA","1.1442155555555556","-51.2495888888888889","450"
"2018","11","AMAZONAS","-3.5638368644067797","-60.1149703389830508","472"
"2018","11","MARANHAO","-3.8131500484027106","-45.8200571151984511","1033"
"2018","11","MATO GROSSO","-12.2203048327137546","-55.7874126394052045","269"
"2018","11","PARA","-2.9334552262587635","-51.1617493626513703","6276"
"2018","11","RONDONIA","-10.4690454545454545","-63.1832979797979798","198"
"2018","11","RORAIMA","2.8464583333333333","-60.3965083333333333","120"
"2018","11","TOCANTINS","-6.5071891891891892","-48.4882702702702703","37"
"2018","12","ACRE","-9.2810000000000000","-70.8805000000000000","2"
"2018","12","AMAZONAS","-3.6154864864864865","-60.2257567567567568","37"
"2018","12","MARANHAO","-3.2843412462908012","-45.5609198813056380","337"
"2018","12","MATO GROSSO","-12.8048000000000000","-56.1878679245283019","265"
"2018","12","PARA","-3.1751243781094527","-52.4839781094527363","1005"
"2018","12","RONDONIA","-10.5516382978723404","-63.5831276595744681","47"
"2018","12","RORAIMA","3.6809593495934959","-60.6711869918699187","123"
"2018","12","TOCANTINS","-7.0370000000000000","-48.6291153846153846","26"
"2019","1","ACRE","-8.1730000000000000","-70.3580000000000000","1"
"2019","1","AMAPA","0.30925000000000000000","-51.0902500000000000","4"
"2019","1","AMAZONAS","-2.1821142857142857","-61.2188571428571429","35"
"2019","1","MARANHAO","-2.7933011152416357","-45.5382044609665428","269"
"2019","1","MATO GROSSO","-12.3179940476190476","-55.5911815476190476","336"
"2019","1","PARA","-2.5923746478873239","-51.6851605633802817","355"
"2019","1","RONDONIA","-11.3896060606060606","-62.7073636363636364","33"
"2019","1","RORAIMA","2.9831671018276762","-60.4757493472584856","383"
"2019","1","TOCANTINS","-7.1390000000000000","-48.8893333333333333","3"
"2019","2","ACRE","-8.1690000000000000","-70.3510000000000000","1"
"2019","2","AMAZONAS","-0.08701111111111111111","-66.3913000000000000","90"
"2019","2","MARANHAO","-4.6402222222222222","-47.2993333333333333","9"
"2019","2","MATO GROSSO","-12.0708320895522388","-54.8789888059701493","536"
"2019","2","PARA","-5.5451625000000000","-51.4375000000000000","80"
"2019","2","RONDONIA","-11.5759545454545455","-62.2792272727272727","22"
"2019","2","RORAIMA","2.5761065182829889","-60.8392559618441971","629"
"2019","2","TOCANTINS","-5.3540000000000000","-48.4910000000000000","1"
"2019","3","ACRE","-9.0575000000000000","-69.1080000000000000","2"
"2019","3","AMAZONAS","-1.4637631578947368","-62.3628157894736842","114"
"2019","3","MARANHAO","-4.8063333333333333","-47.4060000000000000","3"
"2019","3","MATO GROSSO","-12.2243271276595745","-55.5198989361702128","752"
"2019","3","PARA","-5.2012826086956522","-52.7990434782608696","46"
"2019","3","RONDONIA","-11.6112500000000000","-61.9294642857142857","28"
"2019","3","RORAIMA","2.0890649404027949","-61.0479958898479244","2433"
"2019","3","TOCANTINS","-7.2422000000000000","-48.8520000000000000","5"
"2019","4","ACRE","-9.6186666666666667","-70.0996666666666667","6"
"2019","4","AMAZONAS","-4.0820000000000000","-63.5458000000000000","10"
"2019","4","MARANHAO","-4.2465000000000000","-46.5745000000000000","2"
"2019","4","MATO GROSSO","-12.3774680412371134","-55.2132865979381443","485"
"2019","4","PARA","-6.5241315789473684","-51.2815000000000000","38"
"2019","4","RONDONIA","-11.6181923076923077","-62.2585000000000000","26"
"2019","4","RORAIMA","1.6436199294532628","-60.7550723104056437","1134"
"2019","4","TOCANTINS","-7.1610000000000000","-48.3360000000000000","1"
"2019","5","ACRE","-9.5386969696969697","-69.4282727272727273","33"
"2019","5","AMAZONAS","-5.1440952380952381","-60.9994285714285714","21"
"2019","5","MARANHAO","-4.3610000000000000","-46.4230000000000000","12"
"2019","5","MATO GROSSO","-11.8591885895404120","-54.9034643423137876","631"
"2019","5","PARA","-6.7065125000000000","-50.8985500000000000","80"
"2019","5","RONDONIA","-11.5414600000000000","-62.3461600000000000","50"
"2019","5","RORAIMA","2.8033809523809524","-61.1312380952380952","21"
"2019","5","TOCANTINS","-8.4735000000000000","-48.7096666666666667","6"
"2019","6","ACRE","-9.0632666666666667","-70.5633833333333333","60"
"2019","6","AMAZONAS","-6.6976140350877193","-62.6975789473684211","57"
"2019","6","MARANHAO","-4.1922916666666667","-46.4586250000000000","24"
"2019","6","MATO GROSSO","-11.8336653290529695","-55.0828330658105939","1246"
"2019","6","PARA","-6.2241460317460317","-51.1842571428571429","315"
"2019","6","RONDONIA","-10.5244764705882353","-62.8252647058823529","170"
"2019","6","RORAIMA","3.1565000000000000","-60.2705000000000000","2"
"2019","6","TOCANTINS","-6.9841666666666667","-48.9381666666666667","6"
"2019","7","ACRE","-9.5268713235294118","-69.1943529411764706","272"
"2019","7","AMAPA","1.3595000000000000","-51.0502500000000000","4"
"2019","7","AMAZONAS","-7.0267556528081692","-61.3176068563092633","1371"
"2019","7","MARANHAO","-3.8392790697674419","-46.0987093023255814","86"
"2019","7","MATO GROSSO","-11.6204430379746835","-55.8623991064780343","1343"
"2019","7","PARA","-5.8729563409563410","-53.0735585585585586","1443"
"2019","7","RONDONIA","-9.7359076923076923","-63.3127935897435897","780"
"2019","7","RORAIMA","3.3542500000000000","-60.9460000000000000","4"
"2019","7","TOCANTINS","-7.3533333333333333","-48.7978666666666667","15"
"2019","8","ACRE","-9.1496696165191740","-69.9118944608325139","3051"
"2019","8","AMAPA","0.82609523809523809524","-50.9613809523809524","21"
"2019","8","AMAZONAS","-7.4640917816436713","-63.1772029094181164","6668"
"2019","8","MARANHAO","-3.7474300518134715","-45.7965336787564767","193"
"2019","8","MATO GROSSO","-10.3697195002927972","-58.0376787038844427","5123"
"2019","8","PARA","-6.4845794796269023","-53.7231362788414335","10185"
"2019","8","RONDONIA","-9.8085540057224607","-63.3385917381974249","5592"
"2019","8","RORAIMA","1.4052000000000000","-60.8752000000000000","5"
"2019","8","TOCANTINS","-7.5553709677419355","-48.6519677419354839","62"
"2019","9","ACRE","-9.5088209606986900","-69.6346966745045348","2977"
"2019","9","AMAPA","1.1522608695652174","-51.0696231884057971","138"
"2019","9","AMAZONAS","-6.8896619299405155","-64.3893711169861203","3026"
"2019","9","MARANHAO","-3.6347044673539519","-45.7549415807560137","291"
"2019","9","MATO GROSSO","-11.2156011616650532","-56.4216944820909971","5165"
"2019","9","PARA","-5.9524941533131226","-52.2496009094846254","4618"
"2019","9","RONDONIA","-10.1949256311745335","-63.4886698682766191","3644"
"2019","9","RORAIMA","2.6970000000000000","-61.1056153846153846","26"
"2019","9","TOCANTINS","-7.0624500000000000","-48.6437000000000000","40"
"2019","10","ACRE","-10.1285593220338983","-69.0385819209039548","354"
"2019","10","AMAPA","1.5990481481481481","-51.2418574074074074","540"
"2019","10","AMAZONAS","-4.8283868613138686","-61.9274580291970803","548"
"2019","10","MARANHAO","-3.8054808362369338","-45.8112717770034843","861"
"2019","10","MATO GROSSO","-11.6678893203883495","-56.1419718446601942","1030"
"2019","10","PARA","-3.7412077519379845","-51.0610074935400517","3870"
"2019","10","RONDONIA","-10.8792446043165468","-63.1430791366906475","556"
"2019","10","RORAIMA","2.9921698113207547","-61.2224150943396226","53"
"2019","10","TOCANTINS","-7.3347906976744186","-48.6031627906976744","43"
"2019","11","ACRE","-9.4725454545454545","-69.9872045454545455","44"
"2019","11","AMAPA","1.3533459244532803","-51.2605328031809145","503"
"2019","11","AMAZONAS","-4.0142914485165794","-60.3081483420593368","573"
"2019","11","MARANHAO","-3.4036593785960875","-45.7652945914844649","1738"
"2019","11","MATO GROSSO","-12.2300467836257310","-55.8760409356725146","684"
"2019","11","PARA","-3.0257247631935047","-51.4194227334235453","7390"
"2019","11","RONDONIA","-10.5516349809885932","-63.3576539923954373","263"
"2019","11","RORAIMA","2.9974655172413793","-60.2914310344827586","58"
"2019","11","TOCANTINS","-6.3220909090909091","-48.4430227272727273","44"
"2019","12","ACRE","-10.1630000000000000","-68.0680000000000000","1"
"2019","12","AMAPA","0.96425806451612903226","-51.0787258064516129","62"
"2019","12","AMAZONAS","-4.1361447368421053","-60.4023618421052632","152"
"2019","12","MARANHAO","-3.3072914171656687","-45.8331417165668663","501"
"2019","12","MATO GROSSO","-12.1383851351351351","-56.0662972972972973","148"
"2019","12","PARA","-2.9767273437500000","-50.9093164062500000","1280"
"2019","12","RONDONIA","-10.8092619047619048","-62.8904523809523810","42"
"2019","12","RORAIMA","2.8566666666666667","-60.4319629629629630","27"
"2019","12","TOCANTINS","-6.7693809523809524","-48.4756666666666667","21"
